% time	cellId	IMSI	RNTI	sinrLinear	componentCarrierId
0.041	1	1	1	10694.2	0
0.081	1	1	1	5985.51	0
0.121	1	1	1	2605.65	0
0.161	1	1	1	1006.52	0
0.201	1	1	1	2845.31	0
0.241	1	1	1	13002.2	0
0.281	1	1	1	29454.7	0
0.321	1	1	1	21402.1	0
0.361	1	1	1	9164.79	0
0.401	1	1	1	3264.55	0
0.441	1	1	1	974.165	0
0.481	1	1	1	777.346	0
0.521	1	1	1	15267.7	0
0.561	1	1	1	59086.3	0
0.601	1	1	1	119839	0
0.641	1	1	1	121888	0
0.681	1	1	1	105578	0
0.721	1	1	1	68600	0
0.761	1	1	1	28149.3	0
0.801	1	1	1	8127.05	0
0.841	1	1	1	1494.47	0
0.881	1	1	1	1391.6	0
0.921	1	1	1	8370.25	0
0.961	1	1	1	18303.6	0
1.001	1	1	1	11901.2	0
1.041	1	1	1	20442.9	0
1.081	1	1	1	11086.7	0
1.121	1	1	1	8338.02	0
1.161	1	1	1	6985.99	0
1.201	1	1	1	5417.3	0
1.241	1	1	1	3398.72	0
1.281	1	1	1	1299.01	0
1.321	1	1	1	658.069	0
1.361	1	1	1	1615.16	0
1.401	1	1	1	2263.4	0
1.441	1	1	1	2235.51	0
1.481	1	1	1	1866.11	0
1.521	1	1	1	25928	0
1.561	1	1	1	9994.66	0
1.601	1	1	1	4693.57	0
1.641	1	1	1	15543.6	0
1.681	1	1	1	59891.1	0
1.721	1	1	1	81433.7	0
1.761	1	1	1	25799.2	0
1.801	1	1	1	5752.05	0
1.841	1	1	1	807.82	0
1.881	1	1	1	1232.39	0
1.921	1	1	1	4408	0
1.961	1	1	1	9444.35	0
2.001	1	1	1	703.563	0
2.041	1	1	1	300.868	0
2.081	1	1	1	843.59	0
2.121	1	1	1	3894.47	0
2.161	1	1	1	10748	0
2.201	1	1	1	10438.3	0
2.241	1	1	1	6438.08	0
2.281	1	1	1	3744.39	0
2.321	1	1	1	2011.48	0
2.361	1	1	1	854.804	0
2.401	1	1	1	262.16	0
2.441	1	1	1	593.785	0
2.481	1	1	1	2494.1	0
2.521	1	1	1	2455.55	0
2.561	1	1	1	6188.76	0
2.601	1	1	1	10398.4	0
2.641	1	1	1	8234.81	0
2.681	1	1	1	8380.06	0
2.721	1	1	1	11547.2	0
2.761	1	1	1	20630	0
2.801	1	1	1	15331.2	0
2.841	1	1	1	3200.26	0
2.881	1	1	1	829.38	0
2.921	1	1	1	537.194	0
2.961	1	1	1	884.208	0
3.001	1	1	1	4618.24	0
3.041	1	1	1	5768.55	0
3.081	1	1	1	3282.04	0
3.121	1	1	1	12572.5	0
3.161	1	1	1	71219	0
3.201	1	1	1	228447	0
3.241	1	1	1	169326	0
3.281	1	1	1	70283.9	0
3.321	1	1	1	24285.5	0
3.361	1	1	1	5686.84	0
3.401	1	1	1	575.491	0
3.441	1	1	1	901.522	0
3.481	1	1	1	2583.6	0
3.521	1	1	1	1330.58	0
3.561	1	1	1	350.06	0
3.601	1	1	1	162.674	0
3.641	1	1	1	467.584	0
3.681	1	1	1	1998.69	0
3.721	1	1	1	8538.23	0
3.761	1	1	1	15260.7	0
3.801	1	1	1	6736.01	0
3.841	1	1	1	2801.13	0
3.881	1	1	1	1228.73	0
3.921	1	1	1	592.27	0
3.961	1	1	1	613.915	0
4.001	1	1	1	12554.4	0
4.041	1	1	1	12802.5	0
4.081	1	1	1	1279.9	0
4.121	1	1	1	959.816	0
4.161	1	1	1	2535.29	0
4.201	1	1	1	4460.38	0
4.241	1	1	1	6601.54	0
4.281	1	1	1	9014.99	0
4.321	1	1	1	10898.5	0
4.361	1	1	1	9526.86	0
4.401	1	1	1	5549.02	0
4.441	1	1	1	2859.87	0
4.481	1	1	1	1699.03	0
4.521	1	1	1	11646.7	0
4.561	1	1	1	13674.7	0
4.601	1	1	1	19569.1	0
4.641	1	1	1	38196.3	0
4.681	1	1	1	36652.5	0
4.721	1	1	1	14232	0
4.761	1	1	1	6232.67	0
4.801	1	1	1	4216.77	0
4.841	1	1	1	3933.47	0
4.881	1	1	1	4712.43	0
4.921	1	1	1	6614.58	0
4.961	1	1	1	8468.81	0
5.001	1	1	1	6112.13	0
5.041	1	1	1	3643.25	0
5.081	1	1	1	2589.2	0
5.121	1	1	1	7359.32	0
5.161	1	1	1	19173.1	0
5.201	1	1	1	13915.8	0
5.241	1	1	1	8280.56	0
5.281	1	1	1	5719.72	0
5.321	1	1	1	4030.14	0
5.361	1	1	1	2589.79	0
5.401	1	1	1	1155.43	0
5.441	1	1	1	749.045	0
5.481	1	1	1	4128.74	0
5.521	1	1	1	3806.86	0
5.561	1	1	1	4140.2	0
5.601	1	1	1	4741.55	0
5.641	1	1	1	5332.59	0
5.681	1	1	1	5971.96	0
5.721	1	1	1	7392	0
5.761	1	1	1	12651.1	0
5.801	1	1	1	26861.3	0
5.841	1	1	1	32584.1	0
5.881	1	1	1	28312.8	0
5.921	1	1	1	25129.9	0
5.961	1	1	1	23308.3	0
6.001	1	1	1	778.595	0
6.041	1	1	1	1109.35	0
6.081	1	1	1	2132.91	0
6.121	1	1	1	3589.07	0
6.161	1	1	1	5457.81	0
6.201	1	1	1	7879.56	0
6.241	1	1	1	11534.7	0
6.281	1	1	1	11058	0
6.321	1	1	1	5381.41	0
6.361	1	1	1	3022.98	0
6.401	1	1	1	1789.99	0
6.441	1	1	1	1673.85	0
6.481	1	1	1	1822.91	0
6.521	1	1	1	1060.77	0
6.561	1	1	1	2349.28	0
6.601	1	1	1	11394.6	0
6.641	1	1	1	35511.4	0
6.681	1	1	1	61007.6	0
6.721	1	1	1	57851.3	0
6.761	1	1	1	37762.5	0
6.801	1	1	1	16368	0
6.841	1	1	1	8936.43	0
6.881	1	1	1	13440.2	0
6.921	1	1	1	16295.3	0
6.961	1	1	1	16446.2	0
7.001	1	1	1	2800.22	0
7.041	1	1	1	1976.61	0
7.081	1	1	1	1371.73	0
7.121	1	1	1	1012.88	0
7.161	1	1	1	1157.85	0
7.201	1	1	1	1755.95	0
7.241	1	1	1	2696.17	0
7.281	1	1	1	3936.6	0
7.321	1	1	1	5558.23	0
7.361	1	1	1	7874.35	0
7.401	1	1	1	10464.6	0
7.441	1	1	1	8793.58	0
7.481	1	1	1	7274.46	0
7.521	1	1	1	4179.89	0
7.561	1	1	1	4795.55	0
7.601	1	1	1	5947.34	0
7.641	1	1	1	4490.66	0
7.681	1	1	1	3191.56	0
7.721	1	1	1	2863.11	0
7.761	1	1	1	3154.72	0
7.801	1	1	1	3809.25	0
7.841	1	1	1	4710.02	0
7.881	1	1	1	5838.61	0
7.921	1	1	1	7322.51	0
7.961	1	1	1	9726.59	0
8.001	1	1	1	3468.74	0
8.041	1	1	1	1890.78	0
8.081	1	1	1	1754.96	0
8.121	1	1	1	1256.07	0
8.161	1	1	1	711.78	0
8.201	1	1	1	314.154	0
8.241	1	1	1	382.99	0
8.281	1	1	1	1496.56	0
8.321	1	1	1	3899.47	0
8.361	1	1	1	6763.95	0
8.401	1	1	1	9220.68	0
8.441	1	1	1	11211.2	0
8.481	1	1	1	13078.7	0
8.521	1	1	1	11428.7	0
8.561	1	1	1	18808.8	0
8.601	1	1	1	20650.4	0
8.641	1	1	1	11487.7	0
8.681	1	1	1	7595.47	0
8.721	1	1	1	9038.39	0
8.761	1	1	1	12988.8	0
8.801	1	1	1	14971.1	0
8.841	1	1	1	8560.66	0
8.881	1	1	1	3921.52	0
8.921	1	1	1	1235.17	0
8.961	1	1	1	1262.54	0
9.001	1	1	1	6035.94	0
9.041	1	1	1	8042.58	0
9.081	1	1	1	1486.96	0
9.121	1	1	1	705.416	0
9.161	2	1	1	3325.89	0
9.201	2	1	1	3535.36	0
9.241	2	1	1	3862.17	0
9.281	2	1	1	3913.26	0
9.321	2	1	1	4107.43	0
9.361	2	1	1	5451.43	0
9.401	2	1	1	9250.46	0
9.441	2	1	1	13481.8	0
9.481	1	1	2	744.642	0
9.521	1	1	2	3089.5	0
9.561	1	1	2	2035.36	0
9.601	1	1	2	1936	0
9.641	1	1	2	2325.36	0
9.681	1	1	2	3043.73	0
9.721	1	1	2	3975.38	0
9.761	1	1	2	4844.97	0
9.801	1	1	2	5211.94	0
9.841	1	1	2	4617.83	0
9.881	1	1	2	3303.28	0
9.921	1	1	2	2682.65	0
9.961	1	1	2	3802.61	0
10.001	1	1	2	9452.9	0
10.041	1	1	2	9573.4	0
10.081	1	1	2	11745	0
10.121	1	1	2	14923	0
10.161	1	1	2	15615.3	0
10.201	1	1	2	5345.13	0
10.241	1	1	2	307.689	0
10.281	1	1	2	2346.82	0
10.321	1	1	2	8366.31	0
10.361	1	1	2	23006.8	0
10.401	1	1	2	55635.1	0
10.441	1	1	2	47552.6	0
10.481	1	1	2	18103.5	0
10.521	1	1	2	5381.02	0
10.561	1	1	2	4019.8	0
10.601	1	1	2	2805.98	0
10.641	1	1	2	2569.59	0
10.681	1	1	2	3386.94	0
10.721	1	1	2	5700.43	0
10.761	1	1	2	10774.6	0
10.801	1	1	2	19238.6	0
10.841	1	1	2	26155.3	0
10.881	1	1	2	23166.5	0
10.921	1	1	2	16714.6	0
10.961	1	1	2	12102.8	0
11.001	1	1	2	16721.5	0
11.041	1	1	2	5703.95	0
11.081	1	1	2	8658.11	0
11.121	1	1	2	25086.5	0
11.161	1	1	2	73585.4	0
11.201	1	1	2	93660.7	0
11.241	1	1	2	91961	0
11.281	1	1	2	67456.3	0
11.321	1	1	2	24416.1	0
11.361	1	1	2	5166.26	0
11.401	1	1	2	5480.33	0
11.441	1	1	2	16426.9	0
11.481	1	1	2	40655.2	0
11.521	1	1	2	436.055	0
11.561	1	1	2	482.2	0
11.601	2	1	2	1124.14	0
11.641	2	1	2	811.186	0
11.681	2	1	2	467.835	0
11.721	2	1	2	236.484	0
11.761	2	1	2	246.854	0
11.801	2	1	2	407.968	0
11.841	2	1	2	673.01	0
11.881	2	1	2	2202.91	0
11.921	2	1	2	6898.99	0
11.961	2	1	2	7071.92	0
12.001	2	1	2	1913.49	0
12.041	2	1	2	3066.4	0
12.081	2	1	2	3118.59	0
12.121	2	1	2	2754.88	0
12.161	2	1	2	1994.81	0
12.201	2	1	2	1839.14	0
12.241	2	1	2	2795.29	0
12.281	2	1	2	3244.76	0
12.321	2	1	2	3170.69	0
12.361	2	1	2	2833.3	0
12.401	2	1	2	2506.37	0
12.441	2	1	2	3782.78	0
12.481	2	1	2	6173.54	0
12.521	2	1	2	6292.89	0
12.561	2	1	2	1548.88	0
12.601	2	1	2	2030.11	0
12.641	1	1	3	451.131	0
12.681	1	1	3	1640.25	0
12.721	1	1	3	4197.31	0
12.761	1	1	3	5450.51	0
12.801	1	1	3	5250.31	0
12.841	1	1	3	4684.05	0
12.881	1	1	3	4566.36	0
12.921	1	1	3	5768.38	0
12.961	1	1	3	10375.3	0
13.001	1	1	3	17268.9	0
13.041	1	1	3	4412.03	0
13.081	1	1	3	4238.2	0
13.121	1	1	3	4891.8	0
13.161	1	1	3	7360.43	0
13.201	1	1	3	2948.61	0
13.241	1	1	3	1157.2	0
13.281	1	1	3	869.353	0
13.321	1	1	3	756.957	0
13.361	1	1	3	689.919	0
13.401	1	1	3	691.54	0
13.441	1	1	3	932.784	0
13.481	1	1	3	2384.36	0
13.521	1	1	3	5276.64	0
13.561	1	1	3	6942.36	0
13.601	1	1	3	3507.54	0
13.641	1	1	3	5898.98	0
13.681	1	1	3	11719.7	0
13.721	1	1	3	23923.9	0
13.761	1	1	3	43532.5	0
13.801	1	1	3	42476.9	0
13.841	1	1	3	18091.5	0
13.881	1	1	3	6733.31	0
13.921	1	1	3	3940.07	0
13.961	1	1	3	5084.5	0
14.001	1	1	3	16808.1	0
14.041	1	1	3	11282.7	0
14.081	1	1	3	7367.03	0
14.121	1	1	3	4098.86	0
14.161	1	1	3	1873.9	0
14.201	1	1	3	2900.41	0
14.241	1	1	3	17224.4	0
14.281	1	1	3	75458.4	0
14.321	1	1	3	101913	0
14.361	1	1	3	70860	0
14.401	1	1	3	34687.7	0
14.441	1	1	3	15296.4	0
14.481	1	1	3	4116.33	0
14.521	1	1	3	2603.5	0
14.561	2	1	3	17610.1	0
14.601	2	1	3	7755.27	0
14.641	2	1	3	4320.07	0
14.681	2	1	3	2592.74	0
14.721	2	1	3	1494.37	0
14.761	2	1	3	815.26	0
14.801	2	1	3	668.282	0
14.841	2	1	3	841.414	0
14.881	2	1	3	876.608	0
14.921	2	1	3	737.242	0
14.961	2	1	3	646.945	0
15.001	2	1	3	4125.25	0
15.041	2	1	3	4595.86	0
15.081	2	1	3	5118.07	0
15.121	2	1	3	9476.58	0
15.161	2	1	3	15977.2	0
15.201	2	1	3	20673.9	0
15.241	2	1	3	20611	0
15.281	2	1	3	16280.1	0
15.321	2	1	3	11139.9	0
15.361	2	1	3	8716.57	0
15.401	1	1	4	820.429	0
15.441	1	1	4	551.796	0
15.481	1	1	4	594.559	0
15.521	1	1	4	18546.9	0
15.561	1	1	4	11325.3	0
15.601	1	1	4	3562.99	0
15.641	1	1	4	639.989	0
15.681	1	1	4	203.16	0
15.721	1	1	4	1203.32	0
15.761	1	1	4	3806.07	0
15.801	1	1	4	11046.6	0
15.841	1	1	4	9437.99	0
15.881	1	1	4	5010.02	0
15.921	1	1	4	910.152	0
15.961	1	1	4	399.633	0
16.001	1	1	4	4143.21	0
16.041	1	1	4	6285.47	0
16.081	1	1	4	6486.7	0
16.121	1	1	4	4164.04	0
16.161	1	1	4	4697.53	0
16.201	2	1	4	41664.4	0
16.241	2	1	4	40967.1	0
16.281	2	1	4	29623.7	0
16.321	2	1	4	16728.7	0
16.361	2	1	4	7515.31	0
16.401	2	1	4	2545.04	0
16.441	2	1	4	1181.98	0
16.481	2	1	4	2370.71	0
16.521	2	1	4	9292.86	0
16.561	2	1	4	8076.67	0
16.601	2	1	4	6122.91	0
16.641	2	1	4	4831.74	0
16.681	2	1	4	4624.34	0
16.721	2	1	4	5565.99	0
16.761	2	1	4	7660.25	0
16.801	2	1	4	10087.9	0
16.841	2	1	4	10052	0
16.881	2	1	4	6907.96	0
16.921	2	1	4	3951.02	0
16.961	2	1	4	2372.83	0
17.001	2	1	4	6361.25	0
17.041	2	1	4	6118.24	0
17.081	2	1	4	3943.82	0
17.121	2	1	4	7405.03	0
17.161	2	1	4	12309.7	0
17.201	2	1	4	13813	0
17.241	2	1	4	11158	0
17.281	2	1	4	6418.13	0
17.321	2	1	4	4992.21	0
17.361	2	1	4	7971.62	0
17.401	2	1	4	13188.7	0
17.441	2	1	4	13841.9	0
17.481	2	1	4	9707.01	0
17.521	2	1	4	4029.9	0
17.561	2	1	4	8317.15	0
17.601	2	1	4	27338	0
17.641	2	1	4	47101.8	0
17.681	2	1	4	17186.1	0
17.721	2	1	4	8073.96	0
17.761	2	1	4	7017.98	0
17.801	2	1	4	11865.1	0
17.841	2	1	4	38132.2	0
17.881	2	1	4	97638	0
17.921	2	1	4	41868.3	0
17.961	2	1	4	10886.8	0
18.001	2	1	4	380.32	0
18.041	2	1	4	900.463	0
18.081	2	1	4	1878.3	0
18.121	2	1	4	4570.46	0
18.161	2	1	4	3487.45	0
18.201	2	1	4	1437.56	0
18.241	2	1	4	310.172	0
18.281	2	1	4	199.399	0
18.321	2	1	4	488.794	0
18.361	2	1	4	888.488	0
18.401	2	1	4	1721.33	0
18.441	2	1	4	4359.19	0
18.481	2	1	4	8949.91	0
18.521	2	1	4	2343.74	0
18.561	2	1	4	3096.87	0
18.601	2	1	4	4302.6	0
18.641	2	1	4	6042.19	0
18.681	1	1	5	272.136	0
18.721	1	1	5	475.409	0
18.761	1	1	5	750.492	0
18.801	1	1	5	1164.58	0
18.841	1	1	5	2395.29	0
18.881	1	1	5	4438.53	0
18.921	1	1	5	5368.39	0
18.961	1	1	5	6216.94	0
19.001	1	1	5	1904.9	0
19.041	1	1	5	2551.54	0
19.081	1	1	5	3525.57	0
19.121	1	1	5	3153.11	0
19.161	1	1	5	4147.43	0
19.201	1	1	5	3875.12	0
19.241	1	1	5	4519.57	0
19.281	1	1	5	5626.07	0
19.321	1	1	5	7032.55	0
19.361	2	1	5	258.884	0
19.401	2	1	5	233.593	0
19.441	2	1	5	433.624	0
19.481	2	1	5	699.992	0
19.521	2	1	5	11084.8	0
19.561	2	1	5	7122.67	0
19.601	2	1	5	5274.27	0
19.641	2	1	5	3891.66	0
19.681	2	1	5	2300.24	0
19.721	2	1	5	629.732	0
19.761	2	1	5	779.738	0
19.801	2	1	5	3533.79	0
19.841	2	1	5	7740.9	0
19.881	2	1	5	15049.5	0
19.921	2	1	5	14782.2	0
19.961	2	1	5	6762.69	0
20.001	2	1	5	15444.9	0
20.041	2	1	5	60296	0
20.081	2	1	5	91339.9	0
20.121	2	1	5	97572.5	0
20.161	2	1	5	51442.3	0
20.201	2	1	5	13002.7	0
20.241	2	1	5	3126.97	0
20.281	2	1	5	1655.77	0
20.321	2	1	5	4351.81	0
20.361	2	1	5	10755.2	0
20.401	2	1	5	10682.4	0
20.441	2	1	5	3694.57	0
20.481	2	1	5	924.803	0
20.521	2	1	5	8878.89	0
20.561	2	1	5	5489.68	0
20.601	2	1	5	3209.04	0
20.641	2	1	5	1644.89	0
20.681	2	1	5	767.236	0
20.721	2	1	5	1411.91	0
20.761	2	1	5	7027.24	0
20.801	2	1	5	23590.5	0
20.841	2	1	5	36041.6	0
20.881	2	1	5	34621.7	0
20.921	2	1	5	34169.6	0
20.961	2	1	5	19198.8	0
21.001	2	1	5	4575.65	0
21.041	2	1	5	1711.98	0
21.081	2	1	5	4646.6	0
21.121	2	1	5	17223.8	0
21.161	2	1	5	15852.7	0
21.201	2	1	5	8216.71	0
21.241	2	1	5	866.83	0
21.281	2	1	5	472.859	0
21.321	2	1	5	1350.17	0
21.361	2	1	5	2833.9	0
21.401	2	1	5	4906.48	0
21.441	2	1	5	7458.39	0
21.481	2	1	5	8797.6	0
21.521	2	1	5	583.337	0
21.561	2	1	5	1951.54	0
21.601	2	1	5	5481.54	0
21.641	2	1	5	1079.33	0
21.681	2	1	5	456.713	0
21.721	2	1	5	363.223	0
21.761	2	1	5	386.685	0
21.801	2	1	5	507.045	0
21.841	2	1	5	817.253	0
21.881	2	1	5	1631.04	0
21.921	2	1	5	3487.34	0
21.961	2	1	5	3921.84	0
22.001	2	1	5	2891.45	0
22.041	2	1	5	2912.65	0
22.081	2	1	5	3467.63	0
22.121	2	1	5	4460.32	0
22.161	2	1	5	5967.79	0
22.201	2	1	5	7972.09	0
22.241	2	1	5	10187.8	0
22.281	2	1	5	12195.6	0
22.321	2	1	5	12323.2	0
22.361	2	1	5	6757.6	0
22.401	2	1	5	2321.5	0
22.441	2	1	5	1047.82	0
22.481	2	1	5	759.737	0
22.521	2	1	5	5495.86	0
22.561	2	1	5	8562.49	0
22.601	2	1	5	9066.96	0
22.641	2	1	5	6917.58	0
22.681	2	1	5	4013.14	0
22.721	2	1	5	1774.14	0
22.761	2	1	5	567.729	0
22.801	2	1	5	288.287	0
22.841	2	1	5	676.594	0
22.881	2	1	5	1396.76	0
22.921	2	1	5	2111.79	0
22.961	2	1	5	2835.66	0
23.001	2	1	5	16872.9	0
23.041	2	1	5	46046.2	0
23.081	2	1	5	58451	0
23.121	2	1	5	25271.5	0
23.161	2	1	5	10440.4	0
23.201	2	1	5	4525.06	0
23.241	2	1	5	2142.89	0
23.281	2	1	5	1721.2	0
23.321	2	1	5	2568.51	0
23.361	2	1	5	2820.8	0
23.401	2	1	5	2090.76	0
23.441	2	1	5	1336.78	0
23.481	2	1	5	811.078	0
23.521	2	1	5	5612.77	0
23.561	2	1	5	6031.04	0
23.601	2	1	5	5255.29	0
23.641	2	1	5	3475.96	0
23.681	2	1	5	1623.06	0
23.721	2	1	5	1900.04	0
23.761	2	1	5	5915.82	0
23.801	2	1	5	11305.6	0
23.841	2	1	5	12849.4	0
23.881	2	1	5	8348.26	0
23.921	2	1	5	2569.06	0
23.961	2	1	5	846.194	0
24.001	2	1	5	2423.12	0
24.041	2	1	5	900.901	0
24.081	2	1	5	1539.57	0
24.121	2	1	5	3131.09	0
24.161	2	1	5	7407.89	0
24.201	2	1	5	17255.4	0
24.241	2	1	5	14662.5	0
24.281	2	1	5	10278.5	0
24.321	2	1	5	12726.6	0
24.361	2	1	5	19604.9	0
24.401	2	1	5	25493.2	0
24.441	2	1	5	21859.9	0
24.481	2	1	5	14012.1	0
24.521	2	1	5	4440.58	0
24.561	2	1	5	3137.42	0
24.601	2	1	5	2325.54	0
24.641	2	1	5	1972.4	0
24.681	2	1	5	1954.78	0
24.721	2	1	5	2288.05	0
24.761	2	1	5	3177.73	0
24.801	2	1	5	5338.88	0
24.841	2	1	5	10926.6	0
24.881	2	1	5	19538	0
24.921	2	1	5	11740.8	0
24.961	2	1	5	4419.44	0
25.001	2	1	5	3952.05	0
25.041	2	1	5	1612.2	0
25.081	2	1	5	1748.99	0
25.121	2	1	5	3997.52	0
25.161	2	1	5	6037.25	0
25.201	2	1	5	7295.11	0
25.241	2	1	5	7785.79	0
25.281	2	1	5	7546.81	0
25.321	2	1	5	6821.05	0
25.361	2	1	5	11270.3	0
25.401	2	1	5	24227.8	0
25.441	2	1	5	22871.9	0
25.481	2	1	5	21575.2	0
25.521	2	1	5	7721.87	0
25.561	2	1	5	6797.4	0
25.601	2	1	5	4384.35	0
25.641	2	1	5	5686.35	0
25.681	2	1	5	14026	0
25.721	2	1	5	21049.3	0
25.761	2	1	5	19682	0
25.801	2	1	5	14119	0
25.841	2	1	5	8985.94	0
25.881	2	1	5	5481.16	0
25.921	2	1	5	3542.51	0
25.961	2	1	5	3022.03	0
26.001	2	1	5	90.5739	0
26.041	2	1	5	1734.82	0
26.081	2	1	5	10513.3	0
26.121	2	1	5	81199.8	0
26.161	2	1	5	65636.4	0
26.201	2	1	5	8652.76	0
26.241	2	1	5	1601.76	0
26.281	2	1	5	238.6	0
26.321	2	1	5	518.839	0
26.361	2	1	5	1879.63	0
26.401	2	1	5	5103.22	0
26.441	2	1	5	14847.9	0
26.481	2	1	5	16744.1	0
26.521	2	1	5	7626.35	0
26.561	2	1	5	22617.9	0
26.601	2	1	5	49742.5	0
26.641	2	1	5	67153.2	0
26.681	2	1	5	42861.3	0
26.721	2	1	5	16923.9	0
26.761	2	1	5	6197.71	0
26.801	2	1	5	3134.76	0
26.841	2	1	5	3399.88	0
26.881	2	1	5	5629.85	0
26.921	2	1	5	9864.03	0
26.961	2	1	5	15850	0
27.001	2	1	5	27830.1	0
27.041	2	1	5	92035.8	0
27.081	2	1	5	57422.7	0
27.121	2	1	5	15871.7	0
27.161	2	1	5	6197.96	0
27.201	2	1	5	3179.53	0
27.241	2	1	5	2500.01	0
27.281	2	1	5	2737.06	0
27.321	2	1	5	2026.38	0
27.361	2	1	5	1027.27	0
27.401	2	1	5	731.006	0
27.441	2	1	5	923.587	0
27.481	2	1	5	1489.05	0
27.521	2	1	5	5624.15	0
27.561	2	1	5	5198.38	0
27.601	2	1	5	3947.99	0
27.641	2	1	5	2236.25	0
27.681	2	1	5	755.305	0
27.721	2	1	5	3184.59	0
27.761	2	1	5	42618	0
27.801	2	1	5	82097.6	0
27.841	2	1	5	32667	0
27.881	2	1	5	15080.8	0
27.921	2	1	5	6672.53	0
27.961	2	1	5	1818.34	0
28.001	2	1	5	1114.25	0
28.041	2	1	5	721.354	0
28.081	2	1	5	543.537	0
28.121	2	1	5	2624.97	0
28.161	2	1	5	6161.91	0
28.201	2	1	5	8524.3	0
28.241	2	1	5	9635.81	0
28.281	2	1	5	10298.8	0
28.321	2	1	5	10974.4	0
28.361	2	1	5	11895.1	0
28.401	2	1	5	13285	0
28.441	2	1	5	16223	0
28.481	2	1	5	20734.1	0
28.521	2	1	5	1086.98	0
28.561	2	1	5	3439.28	0
28.601	2	1	5	7923.2	0
28.641	2	1	5	18710	0
28.681	2	1	5	56699.5	0
28.721	2	1	5	78162.4	0
28.761	2	1	5	15694.6	0
28.801	2	1	5	3892.37	0
28.841	2	1	5	1580.91	0
28.881	2	1	5	1521.13	0
28.921	2	1	5	2394.05	0
28.961	2	1	5	3929.61	0
29.001	2	1	5	14911	0
29.041	2	1	5	16988.3	0
29.081	2	1	5	26378	0
29.121	2	1	5	15765.8	0
29.161	2	1	5	1646.21	0
29.201	2	1	5	718.098	0
29.241	2	1	5	2506.47	0
29.281	2	1	5	4703.52	0
29.321	2	1	5	6740.7	0
29.361	2	1	5	7449.47	0
29.401	2	1	5	5147.28	0
29.441	2	1	5	2013.2	0
29.481	2	1	5	862.197	0
29.521	2	1	5	16663	0
29.561	2	1	5	16335.2	0
29.601	2	1	5	16357.3	0
29.641	2	1	5	16405.5	0
29.681	2	1	5	15835.3	0
29.721	2	1	5	12201.5	0
29.761	2	1	5	5462.62	0
29.801	2	1	5	4255.01	0
29.841	2	1	5	4693.98	0
29.881	2	1	5	4826.4	0
29.921	2	1	5	5222.46	0
29.961	2	1	5	7763.16	0
30.001	2	1	5	9688.66	0
30.041	2	1	5	6444.05	0
30.081	2	1	5	7047.12	0
30.121	2	1	5	3606.9	0
30.161	2	1	5	1864.8	0
30.201	2	1	5	1117.05	0
30.241	2	1	5	776.053	0
30.281	2	1	5	757.346	0
30.321	2	1	5	1728.6	0
30.361	2	1	5	7574.61	0
30.401	2	1	5	9378.99	0
30.441	2	1	5	5628.02	0
30.481	2	1	5	4205.64	0
30.521	2	1	5	8040.04	0
30.561	2	1	5	8089.09	0
30.601	2	1	5	7732.96	0
30.641	2	1	5	6623.65	0
30.681	2	1	5	4218.28	0
30.721	2	1	5	1445.98	0
30.761	2	1	5	330.037	0
30.801	2	1	5	296.402	0
30.841	2	1	5	387.492	0
30.881	2	1	5	397.103	0
30.921	2	1	5	413.31	0
30.961	2	1	5	640.171	0
31.001	2	1	5	9814.81	0
31.041	2	1	5	12783.8	0
31.081	2	1	5	5122.86	0
31.121	2	1	5	1766.03	0
31.161	2	1	5	1578.16	0
31.201	2	1	5	3126.96	0
31.241	2	1	5	7003.26	0
31.281	2	1	5	16980.3	0
31.321	2	1	5	45436.8	0
31.361	2	1	5	62929.3	0
31.401	2	1	5	25075.6	0
31.441	2	1	5	8994.05	0
31.481	2	1	5	3739.12	0
31.521	2	1	5	2385.23	0
31.561	2	1	5	7890.08	0
31.601	2	1	5	19928.5	0
31.641	2	1	5	38512.8	0
31.681	2	1	5	38879.3	0
31.721	2	1	5	21322.8	0
31.761	2	1	5	9869.22	0
31.801	2	1	5	4560.93	0
31.841	2	1	5	2330.07	0
31.881	2	1	5	1752.57	0
31.921	2	1	5	2333.13	0
31.961	2	1	5	4137.85	0
32.001	2	1	5	5715.72	0
32.041	2	1	5	1409.78	0
32.081	2	1	5	2188.89	0
32.121	2	1	5	3201.23	0
32.161	2	1	5	3892.65	0
32.201	2	1	5	4009.18	0
32.241	2	1	5	3538.91	0
32.281	2	1	5	3559.75	0
32.321	2	1	5	10451.6	0
32.361	2	1	5	22416.4	0
32.401	2	1	5	24619.3	0
32.441	2	1	5	23558.8	0
32.481	2	1	5	21818.5	0
32.521	2	1	5	3824.73	0
32.561	2	1	5	1595.46	0
32.601	2	1	5	433.641	0
32.641	2	1	5	248.692	0
32.681	2	1	5	561.633	0
32.721	2	1	5	1050.41	0
32.761	2	1	5	1597.23	0
32.801	2	1	5	2029.34	0
32.841	2	1	5	1879.04	0
32.881	2	1	5	1281.58	0
32.921	2	1	5	921.099	0
32.961	2	1	5	1127.86	0
33.001	2	1	5	4763.02	0
33.041	2	1	5	11644.5	0
33.081	2	1	5	15858.3	0
33.121	2	1	5	11503.3	0
33.161	2	1	5	6257.9	0
33.201	2	1	5	3072.7	0
33.241	2	1	5	1511.19	0
33.281	2	1	5	1544.79	0
33.321	2	1	5	5123.87	0
33.361	2	1	5	9195.4	0
33.401	2	1	5	4450.39	0
33.441	2	1	5	4402.49	0
33.481	2	1	5	7878.38	0
33.521	2	1	5	17558	0
33.561	2	1	5	21067	0
33.601	2	1	5	18353.7	0
33.641	2	1	5	3962.07	0
33.681	2	1	5	2128.73	0
33.721	2	1	5	6832.6	0
33.761	2	1	5	12297.2	0
33.801	2	1	5	18525.6	0
33.841	2	1	5	26565.7	0
33.881	2	1	5	37118.3	0
33.921	2	1	5	11412.3	0
33.961	2	1	5	2253.61	0
34.001	2	1	5	15320.3	0
34.041	2	1	5	1180.71	0
34.081	2	1	5	974.771	0
34.121	2	1	5	2136.89	0
34.161	2	1	5	4860.52	0
34.201	2	1	5	6829.19	0
34.241	2	1	5	3111.45	0
34.281	2	1	5	2304.45	0
34.321	2	1	5	3313.47	0
34.361	2	1	5	5766.71	0
34.401	2	1	5	11425.4	0
34.441	2	1	5	23082.7	0
34.481	2	1	5	11363.6	0
34.521	2	1	5	6472.98	0
34.561	2	1	5	7003.14	0
34.601	2	1	5	5149.86	0
34.641	2	1	5	3022.58	0
34.681	2	1	5	1660.11	0
34.721	2	1	5	1062.05	0
34.761	2	1	5	1170.26	0
34.801	2	1	5	1961.16	0
34.841	2	1	5	2132.4	0
34.881	2	1	5	2285.77	0
34.921	2	1	5	7603.14	0
34.961	2	1	5	16671.1	0
35.001	2	1	5	1964.18	0
35.041	2	1	5	15336	0
35.081	2	1	5	24956.5	0
35.121	2	1	5	26666.9	0
35.161	2	1	5	23436.3	0
35.201	2	1	5	17205.1	0
35.241	2	1	5	9495.33	0
35.281	2	1	5	4889.53	0
35.321	2	1	5	19762.2	0
35.361	2	1	5	25082.8	0
35.401	2	1	5	13755.9	0
35.441	2	1	5	6973.75	0
35.481	2	1	5	3005.43	0
35.521	2	1	5	5882.69	0
35.561	2	1	5	3405.4	0
35.601	2	1	5	2977.41	0
35.641	2	1	5	3861.87	0
35.681	2	1	5	5539.07	0
35.721	2	1	5	8753.14	0
35.761	2	1	5	15584.1	0
35.801	2	1	5	18239.4	0
35.841	2	1	5	5559.91	0
35.881	2	1	5	1352.48	0
35.921	2	1	5	541.85	0
35.961	2	1	5	533.172	0
36.001	2	1	5	2061.25	0
36.041	2	1	5	6673.14	0
36.081	2	1	5	21698.7	0
36.121	2	1	5	88410.1	0
36.161	2	1	5	120691	0
36.201	2	1	5	43198.6	0
36.241	2	1	5	21374.1	0
36.281	2	1	5	10891.6	0
36.321	2	1	5	4636.15	0
36.361	2	1	5	1787.16	0
36.401	2	1	5	2876.49	0
36.441	2	1	5	8500.22	0
36.481	2	1	5	18859.4	0
36.521	2	1	5	13348.3	0
36.561	2	1	5	22345	0
36.601	2	1	5	38432.4	0
36.641	2	1	5	53747.7	0
36.681	2	1	5	23328.9	0
36.721	2	1	5	6607.14	0
36.761	2	1	5	7347.75	0
36.801	2	1	5	16315.8	0
36.841	2	1	5	18732.6	0
36.881	2	1	5	15650	0
36.921	2	1	5	13183.8	0
36.961	2	1	5	13171.5	0
37.001	2	1	5	1195.55	0
37.041	2	1	5	956.403	0
37.081	2	1	5	2010.94	0
37.121	2	1	5	5282.32	0
37.161	2	1	5	5582.14	0
37.201	2	1	5	5150.22	0
37.241	2	1	5	6809.6	0
37.281	2	1	5	11083.8	0
37.321	2	1	5	15776.2	0
37.361	2	1	5	20929.7	0
37.401	2	1	5	25418.9	0
37.441	2	1	5	27984	0
37.481	2	1	5	21534.9	0
37.521	2	1	5	1910.54	0
37.561	2	1	5	5180.09	0
37.601	2	1	5	13785	0
37.641	2	1	5	30337.1	0
37.681	2	1	5	31497.2	0
37.721	2	1	5	13564.2	0
37.761	2	1	5	3683.9	0
37.801	2	1	5	326.068	0
37.841	2	1	5	1105.76	0
37.881	2	1	5	5103.69	0
37.921	2	1	5	8304.75	0
37.961	2	1	5	7688.8	0
38.001	2	1	5	1260.62	0
38.041	2	1	5	2939.2	0
38.081	2	1	5	4838.41	0
38.121	2	1	5	4001.97	0
38.161	2	1	5	2706.34	0
38.201	2	1	5	2569.29	0
38.241	2	1	5	2951.79	0
38.281	2	1	5	3640.73	0
38.321	2	1	5	4594.85	0
38.361	2	1	5	5845.31	0
38.401	2	1	5	7611.54	0
38.441	2	1	5	11627.4	0
38.481	2	1	5	22459.2	0
38.521	2	1	5	19980.9	0
38.561	2	1	5	36054.1	0
38.601	2	1	5	26928.5	0
38.641	2	1	5	21696.3	0
38.681	2	1	5	20005.8	0
38.721	2	1	5	18994.8	0
38.761	2	1	5	14352.5	0
38.801	2	1	5	4678.45	0
38.841	2	1	5	865.503	0
38.881	2	1	5	1154.66	0
38.921	2	1	5	2137.44	0
38.961	2	1	5	3240.2	0
39.001	2	1	5	396.66	0
39.041	2	1	5	2067.77	0
39.081	2	1	5	4222.65	0
39.121	2	1	5	4279.52	0
39.161	2	1	5	4434.85	0
39.201	2	1	5	4512.76	0
39.241	2	1	5	4527.62	0
39.281	2	1	5	4600.11	0
39.321	2	1	5	5624.28	0
39.361	2	1	5	7399.87	0
39.401	2	1	5	6608.78	0
39.441	2	1	5	5775.36	0
39.481	2	1	5	5197.37	0
39.521	2	1	5	3420.11	0
39.561	2	1	5	2624.63	0
39.601	2	1	5	1867.27	0
39.641	2	1	5	1168.25	0
39.681	2	1	5	619.071	0
39.721	2	1	5	380.451	0
39.761	2	1	5	447.497	0
39.801	2	1	5	708.791	0
39.841	2	1	5	1068.78	0
39.881	2	1	5	1479.03	0
39.921	2	1	5	1911.52	0
39.961	2	1	5	2343.05	0
40.001	2	1	5	7154.98	0
40.041	2	1	5	8185.32	0
40.081	2	1	5	12658.6	0
40.121	2	1	5	16878.9	0
40.161	2	1	5	17872.1	0
40.201	2	1	5	6535.34	0
40.241	2	1	5	3802.02	0
40.281	2	1	5	12809.5	0
40.321	2	1	5	17425.8	0
40.361	2	1	5	10298.5	0
40.401	2	1	5	5240.37	0
40.441	2	1	5	2060.32	0
40.481	2	1	5	886.697	0
40.521	2	1	5	26858.5	0
40.561	2	1	5	34171.7	0
40.601	2	1	5	35663.1	0
40.641	2	1	5	30929.2	0
40.681	2	1	5	22360.1	0
40.721	2	1	5	10818.9	0
40.761	2	1	5	5531.91	0
40.801	2	1	5	4171.88	0
40.841	2	1	5	4286.27	0
40.881	2	1	5	3775.32	0
40.921	2	1	5	2497.24	0
40.961	2	1	5	1168.7	0
41.001	2	1	5	10367.4	0
41.041	2	1	5	4989.4	0
41.081	3	1	1	6645.72	0
41.121	3	1	1	16021.5	0
41.161	3	1	1	18573.5	0
41.201	3	1	1	16176.1	0
41.241	3	1	1	7751.5	0
41.281	3	1	1	1908.07	0
41.321	3	1	1	444.757	0
41.361	3	1	1	899.232	0
41.401	3	1	1	2678.93	0
41.441	3	1	1	6036.94	0
41.481	3	1	1	11944.3	0
41.521	2	1	6	8009	0
41.561	2	1	6	5970.32	0
41.601	2	1	6	4024.17	0
41.641	2	1	6	2700.11	0
41.681	2	1	6	2194.33	0
41.721	2	1	6	3033.39	0
41.761	2	1	6	6540.92	0
41.801	2	1	6	14848.4	0
41.841	2	1	6	26471.5	0
41.881	2	1	6	25895	0
41.921	2	1	6	18685.3	0
41.961	2	1	6	12215.6	0
42.001	2	1	6	4966.58	0
42.041	2	1	6	370.187	0
42.081	2	1	6	1177.65	0
42.121	2	1	6	8743.64	0
42.161	2	1	6	17135.3	0
42.201	2	1	6	20456.2	0
42.241	2	1	6	11911.8	0
42.281	2	1	6	8277.34	0
42.321	2	1	6	7219.84	0
42.361	2	1	6	9500.06	0
42.401	2	1	6	12031.4	0
42.441	2	1	6	8896.52	0
42.481	2	1	6	5700.18	0
42.521	2	1	6	2989.19	0
42.561	2	1	6	1353.33	0
42.601	2	1	6	790.189	0
42.641	2	1	6	2542.94	0
42.681	2	1	6	12404.1	0
42.721	2	1	6	39823.3	0
42.761	2	1	6	46301.9	0
42.801	2	1	6	18866.3	0
42.841	2	1	6	8304.76	0
42.881	2	1	6	4511.31	0
42.921	2	1	6	4607.85	0
42.961	2	1	6	10315	0
43.001	2	1	6	9467.46	0
43.041	2	1	6	10876.3	0
43.081	2	1	6	19769.1	0
43.121	2	1	6	19450	0
43.161	2	1	6	21423.8	0
43.201	2	1	6	18539.9	0
43.241	2	1	6	15188.8	0
43.281	2	1	6	13295.8	0
43.321	2	1	6	10322.3	0
43.361	3	1	2	9694.93	0
43.401	3	1	2	2792.47	0
43.441	3	1	2	1554.27	0
43.481	3	1	2	2547.33	0
43.521	3	1	2	6698.01	0
43.561	3	1	2	4542.56	0
43.601	3	1	2	2276.1	0
43.641	3	1	2	2379.23	0
43.681	3	1	2	5145.48	0
43.721	2	1	7	58631.1	0
43.761	2	1	7	51784.6	0
43.801	2	1	7	38940.9	0
43.841	2	1	7	22751.3	0
43.881	2	1	7	8840.8	0
43.921	2	1	7	4760.87	0
43.961	2	1	7	3861.61	0
44.001	2	1	7	2510.06	0
44.041	2	1	7	7378.35	0
44.081	2	1	7	8257.48	0
44.121	2	1	7	6778.71	0
44.161	2	1	7	4889.26	0
44.201	2	1	7	3453.07	0
44.241	2	1	7	3142.45	0
44.281	2	1	7	4988.66	0
44.321	2	1	7	8153.12	0
44.361	2	1	7	11779.4	0
44.401	2	1	7	13159	0
44.441	3	1	3	1447.14	0
44.481	3	1	3	1472.4	0
44.521	3	1	3	5834.82	0
44.561	3	1	3	11010.7	0
44.601	3	1	3	17725.6	0
44.641	3	1	3	27533.5	0
44.681	3	1	3	46764.9	0
44.721	3	1	3	41092.1	0
44.761	3	1	3	12180.3	0
44.801	3	1	3	1128.62	0
44.841	3	1	3	3221.49	0
44.881	3	1	3	6068.22	0
44.921	3	1	3	8292.21	0
44.961	3	1	3	9724.95	0
45.001	3	1	3	18848.9	0
45.041	3	1	3	27332.1	0
45.081	3	1	3	20166.3	0
45.121	3	1	3	16328.8	0
45.161	3	1	3	14618.9	0
45.201	3	1	3	12704.5	0
45.241	3	1	3	9558.01	0
45.281	3	1	3	6517.89	0
45.321	3	1	3	5669.86	0
45.361	3	1	3	9823.94	0
45.401	2	1	8	9084.45	0
45.441	2	1	8	5142.97	0
45.481	2	1	8	5739.52	0
45.521	2	1	8	2403.03	0
45.561	2	1	8	3656.13	0
45.601	2	1	8	4167.06	0
45.641	2	1	8	3325.27	0
45.681	2	1	8	2696.61	0
45.721	2	1	8	2358.96	0
45.761	2	1	8	2222.57	0
45.801	2	1	8	2282.76	0
45.841	2	1	8	2600.65	0
45.881	2	1	8	3327.93	0
45.921	2	1	8	4798.08	0
45.961	2	1	8	6080.45	0
46.001	2	1	8	3101.37	0
46.041	2	1	8	1267.67	0
46.081	2	1	8	2419.05	0
46.121	2	1	8	4340.66	0
46.161	2	1	8	6127.13	0
46.201	2	1	8	5748.38	0
46.241	2	1	8	3618.26	0
46.281	2	1	8	1944.05	0
46.321	2	1	8	1385.09	0
46.361	2	1	8	2000.77	0
46.401	2	1	8	4193.37	0
46.441	2	1	8	8125.17	0
46.481	2	1	8	9877.1	0
46.521	2	1	8	3664.22	0
46.561	2	1	8	7040.19	0
46.601	2	1	8	11851.5	0
46.641	2	1	8	16765.1	0
46.681	2	1	8	18016	0
46.721	2	1	8	13871.4	0
46.761	2	1	8	7869.55	0
46.801	2	1	8	3594.79	0
46.841	2	1	8	2176.07	0
46.881	2	1	8	3836.43	0
46.921	3	1	4	1434.16	0
46.961	3	1	4	1622.89	0
47.001	3	1	4	27864.6	0
47.041	3	1	4	23762.2	0
47.081	3	1	4	14342.5	0
47.121	3	1	4	7690.28	0
47.161	3	1	4	3512.97	0
47.201	3	1	4	1873.85	0
47.241	3	1	4	1207.11	0
47.281	3	1	4	648.243	0
47.321	3	1	4	321.198	0
47.361	3	1	4	561.287	0
47.401	3	1	4	1754.62	0
47.441	3	1	4	4378.5	0
47.481	3	1	4	9077.26	0
47.521	3	1	4	1577.18	0
47.561	3	1	4	2146.85	0
47.601	3	1	4	2956.09	0
47.641	3	1	4	4369.64	0
47.681	3	1	4	7525.63	0
47.721	3	1	4	16782.3	0
47.761	3	1	4	16240.6	0
47.801	3	1	4	2355.96	0
47.841	3	1	4	915.399	0
47.881	3	1	4	1655.03	0
47.921	3	1	4	3581.11	0
47.961	3	1	4	8020.52	0
48.001	3	1	4	5973.86	0
48.041	3	1	4	15760.8	0
48.081	3	1	4	18571.7	0
48.121	3	1	4	18539.6	0
48.161	3	1	4	8773.5	0
48.201	3	1	4	6009.31	0
48.241	3	1	4	5292.93	0
48.281	3	1	4	5396	0
48.321	3	1	4	5953.69	0
48.361	3	1	4	6883.03	0
48.401	3	1	4	8208.62	0
48.441	3	1	4	9418.07	0
48.481	3	1	4	7102	0
48.521	3	1	4	2328.13	0
48.561	3	1	4	4044.38	0
48.601	3	1	4	5093.87	0
48.641	3	1	4	4910.56	0
48.681	3	1	4	4151.08	0
48.721	3	1	4	5166.55	0
48.761	3	1	4	12138.2	0
48.801	3	1	4	22979.9	0
48.841	3	1	4	33823.5	0
48.881	3	1	4	23997	0
48.921	3	1	4	13049	0
48.961	3	1	4	7399.6	0
49.001	3	1	4	617.393	0
49.041	3	1	4	1035.21	0
49.081	3	1	4	2021.11	0
49.121	3	1	4	1973.33	0
49.161	3	1	4	1168.7	0
49.201	3	1	4	690.211	0
49.241	3	1	4	420.011	0
49.281	3	1	4	252.988	0
49.321	3	1	4	163.246	0
49.361	3	1	4	217.51	0
49.401	3	1	4	777.896	0
49.441	3	1	4	2834.43	0
49.481	3	1	4	4471.19	0
49.521	3	1	4	75426	0
49.561	3	1	4	64453.5	0
49.601	3	1	4	28923.4	0
49.641	3	1	4	8694.58	0
49.681	3	1	4	8788.17	0
49.721	3	1	4	21160	0
49.761	3	1	4	31486.7	0
49.801	3	1	4	30360	0
49.841	3	1	4	20578.7	0
49.881	3	1	4	9079.1	0
49.921	3	1	4	9531.9	0
49.961	2	1	9	3896.67	0
50.001	2	1	9	476.853	0
50.041	2	1	9	579.901	0
50.081	2	1	9	747.224	0
50.121	2	1	9	2099.13	0
50.161	2	1	9	6221.64	0
50.201	2	1	9	11127.9	0
50.241	2	1	9	11842	0
50.281	2	1	9	8365.43	0
50.321	2	1	9	6562.42	0
50.361	2	1	9	5481.82	0
50.401	2	1	9	5079.53	0
50.441	2	1	9	4163.9	0
50.481	2	1	9	5878.5	0
50.521	2	1	9	3585.29	0
50.561	2	1	9	4867.68	0
50.601	2	1	9	5398.99	0
50.641	2	1	9	5947.65	0
50.681	2	1	9	7196.97	0
50.721	2	1	9	10738	0
50.761	2	1	9	9197.67	0
50.801	2	1	9	8107.29	0
50.841	2	1	9	7751.55	0
50.881	2	1	9	4827.79	0
50.921	2	1	9	4175.88	0
50.961	2	1	9	4548.74	0
51.001	2	1	9	4044.91	0
51.041	3	1	5	30186.3	0
51.081	3	1	5	62890.1	0
51.121	3	1	5	107238	0
51.161	3	1	5	71257.2	0
51.201	3	1	5	31471.3	0
51.241	3	1	5	4852.88	0
51.281	3	1	5	5883.58	0
51.321	3	1	5	10493.6	0
51.361	3	1	5	12772.5	0
51.401	3	1	5	10939	0
51.441	3	1	5	6813.82	0
51.481	3	1	5	2950.64	0
51.521	3	1	5	19042.8	0
51.561	3	1	5	5062.27	0
51.601	3	1	5	3276.59	0
51.641	3	1	5	3776.04	0
51.681	3	1	5	3561.4	0
51.721	3	1	5	2696.88	0
51.761	3	1	5	1480.23	0
51.801	3	1	5	448.883	0
51.841	3	1	5	1080.08	0
51.881	3	1	5	8923.51	0
51.921	3	1	5	35258.3	0
51.961	3	1	5	36313.2	0
52.001	3	1	5	2648.22	0
52.041	3	1	5	1423.22	0
52.081	3	1	5	2002.86	0
52.121	3	1	5	3430.99	0
52.161	3	1	5	4736.24	0
52.201	3	1	5	5398.2	0
52.241	3	1	5	5403.75	0
52.281	3	1	5	5011.33	0
52.321	3	1	5	4531.49	0
52.361	3	1	5	4148.13	0
52.401	3	1	5	3920.58	0
52.441	3	1	5	3895.37	0
52.481	3	1	5	4158.69	0
52.521	3	1	5	8037.38	0
52.561	3	1	5	4293.09	0
52.601	3	1	5	2924.11	0
52.641	3	1	5	4329.71	0
52.681	3	1	5	6414.35	0
52.721	3	1	5	8755.93	0
52.761	3	1	5	11104.3	0
52.801	3	1	5	12925.8	0
52.841	3	1	5	13162.9	0
52.881	3	1	5	10616.7	0
52.921	3	1	5	6409.15	0
52.961	3	1	5	7154.67	0
53.001	3	1	5	14402.1	0
53.041	3	1	5	21516.4	0
53.081	3	1	5	26064.5	0
53.121	3	1	5	13373	0
53.161	3	1	5	8446.3	0
53.201	3	1	5	6742.63	0
53.241	3	1	5	6018.07	0
53.281	3	1	5	5830.62	0
53.321	3	1	5	6060.93	0
53.361	3	1	5	5144.72	0
53.401	3	1	5	1227.33	0
53.441	3	1	5	482.831	0
53.481	3	1	5	627.276	0
53.521	3	1	5	3452.25	0
53.561	3	1	5	6555.5	0
53.601	3	1	5	10158.3	0
53.641	3	1	5	4235.11	0
53.681	3	1	5	905.988	0
53.721	3	1	5	139.259	0
53.761	3	1	5	85.5479	0
53.801	3	1	5	517.612	0
53.841	3	1	5	1726.67	0
53.881	3	1	5	1365.89	0
53.921	3	1	5	555.036	0
53.961	3	1	5	291.114	0
54.001	3	1	5	1742.42	0
54.041	3	1	5	3881.34	0
54.081	3	1	5	3648.05	0
54.121	3	1	5	3630.96	0
54.161	3	1	5	3859.65	0
54.201	3	1	5	5021.37	0
54.241	3	1	5	7487	0
54.281	3	1	5	11654.1	0
54.321	3	1	5	21002.7	0
54.361	3	1	5	44941.8	0
54.401	3	1	5	34149.7	0
54.441	3	1	5	8068.71	0
54.481	3	1	5	2065.99	0
54.521	3	1	5	6912.53	0
54.561	3	1	5	6875.86	0
54.601	3	1	5	5788.49	0
54.641	3	1	5	3717.94	0
54.681	3	1	5	1544.09	0
54.721	3	1	5	491.242	0
54.761	3	1	5	1184.17	0
54.801	3	1	5	3197.6	0
54.841	3	1	5	5313.23	0
54.881	3	1	5	6326.25	0
54.921	3	1	5	5778.16	0
54.961	3	1	5	4042.03	0
55.001	3	1	5	15042.5	0
55.041	3	1	5	16691.7	0
55.081	3	1	5	87961.3	0
55.121	3	1	5	12745	0
55.161	3	1	5	1418.29	0
55.201	3	1	5	203.659	0
55.241	3	1	5	407.936	0
55.281	3	1	5	1095.14	0
55.321	3	1	5	2246.6	0
55.361	3	1	5	4500.93	0
55.401	3	1	5	9759.49	0
55.441	3	1	5	2657.99	0
55.481	3	1	5	929.375	0
55.521	3	1	5	3060.6	0
55.561	3	1	5	3729	0
55.601	3	1	5	3641.88	0
55.641	3	1	5	3735.83	0
55.681	3	1	5	5347.47	0
55.721	3	1	5	9261.74	0
55.761	3	1	5	13935.9	0
55.801	3	1	5	16514.6	0
55.841	3	1	5	16778.8	0
55.881	3	1	5	16137.9	0
55.921	3	1	5	15584.5	0
55.961	3	1	5	15528.2	0
56.001	3	1	5	30030.6	0
56.041	3	1	5	46779.9	0
56.081	3	1	5	19175.1	0
56.121	3	1	5	9243.18	0
56.161	3	1	5	13401.8	0
56.201	3	1	5	20180.9	0
56.241	3	1	5	25548.6	0
56.281	3	1	5	27983	0
56.321	3	1	5	26044.1	0
56.361	3	1	5	18708.1	0
56.401	3	1	5	14182.7	0
56.441	3	1	5	54580.9	0
56.481	3	1	5	151041	0
56.521	3	1	5	786.575	0
56.561	3	1	5	398.44	0
56.601	3	1	5	123.443	0
56.641	3	1	5	115.249	0
56.681	3	1	5	618.509	0
56.721	3	1	5	1298.22	0
56.761	3	1	5	1378.52	0
56.801	3	1	5	1443.69	0
56.841	3	1	5	1817.73	0
56.881	3	1	5	2549.07	0
56.921	3	1	5	3797.78	0
56.961	3	1	5	6164.07	0
57.001	3	1	5	6229.6	0
57.041	3	1	5	3648.41	0
57.081	3	1	5	5374.83	0
57.121	3	1	5	10377.8	0
57.161	3	1	5	12688.6	0
57.201	3	1	5	13046.1	0
57.241	3	1	5	13552.6	0
57.281	3	1	5	14890.5	0
57.321	3	1	5	18044.4	0
57.361	3	1	5	24697.8	0
57.401	3	1	5	17356.6	0
57.441	3	1	5	4723.66	0
57.481	3	1	5	2725.15	0
57.521	3	1	5	11283.3	0
57.561	3	1	5	18911.6	0
57.601	3	1	5	11747	0
57.641	3	1	5	5841.25	0
57.681	3	1	5	2743.59	0
57.721	3	1	5	2244.13	0
57.761	3	1	5	4894.93	0
57.801	3	1	5	12445.9	0
57.841	3	1	5	29000.5	0
57.881	3	1	5	58122.9	0
57.921	3	1	5	68186.9	0
57.961	3	1	5	35742.8	0
58.001	3	1	5	1590.73	0
58.041	3	1	5	2046.69	0
58.081	3	1	5	3507.33	0
58.121	3	1	5	3512.5	0
58.161	3	1	5	3268.8	0
58.201	3	1	5	3124.15	0
58.241	3	1	5	3410.16	0
58.281	3	1	5	5565.3	0
58.321	3	1	5	19894.7	0
58.361	3	1	5	136078	0
58.401	3	1	5	60373	0
58.441	3	1	5	22350.5	0
58.481	3	1	5	12211	0
58.521	3	1	5	562.63	0
58.561	3	1	5	1450.14	0
58.601	3	1	5	4397.94	0
58.641	3	1	5	11620.2	0
58.681	3	1	5	15288.3	0
58.721	3	1	5	5768.09	0
58.761	3	1	5	1597.3	0
58.801	3	1	5	827.671	0
58.841	3	1	5	1311.55	0
58.881	3	1	5	2546.86	0
58.921	3	1	5	4892.56	0
58.961	3	1	5	11888.1	0
59.001	3	1	5	7486.83	0
59.041	3	1	5	1250.95	0
59.081	3	1	5	589.567	0
59.121	3	1	5	199.524	0
59.161	3	1	5	279.796	0
59.201	3	1	5	704.32	0
59.241	3	1	5	1278.04	0
59.281	3	1	5	1844.95	0
59.321	3	1	5	2308.47	0
59.361	3	1	5	2646.04	0
59.401	3	1	5	3057.35	0
59.441	3	1	5	6544.78	0
59.481	3	1	5	25201	0
59.521	3	1	5	9741.92	0
59.561	3	1	5	9096.94	0
59.601	3	1	5	5853.32	0
59.641	3	1	5	2915.85	0
59.681	3	1	5	894.355	0
59.721	3	1	5	661.541	0
59.761	3	1	5	5591.29	0
59.801	3	1	5	29858.3	0
59.841	3	1	5	111927	0
59.881	3	1	5	137286	0
59.921	3	1	5	73257.1	0
59.961	3	1	5	27652.4	0
60.001	3	1	5	20010.4	0
60.041	3	1	5	4933.95	0
60.081	3	1	5	5306.52	0
60.121	3	1	5	5677.91	0
60.161	3	1	5	9492.87	0
60.201	3	1	5	27338	0
60.241	3	1	5	46908.9	0
60.281	3	1	5	47584.5	0
60.321	3	1	5	38937.5	0
60.361	3	1	5	27950.4	0
60.401	3	1	5	17969.4	0
60.441	3	1	5	10728.6	0
60.481	3	1	5	6507.61	0
60.521	3	1	5	15670.8	0
60.561	3	1	5	47975.5	0
60.601	3	1	5	17991.5	0
60.641	3	1	5	2796.01	0
60.681	3	1	5	1005.14	0
60.721	3	1	5	700.285	0
60.761	3	1	5	700.515	0
60.801	3	1	5	835.741	0
60.841	3	1	5	1223.89	0
60.881	3	1	5	3220.22	0
60.921	3	1	5	19070.6	0
60.961	3	1	5	2485.39	0
61.001	3	1	5	629.011	0
61.041	3	1	5	3478.95	0
61.081	3	1	5	2494.43	0
61.121	3	1	5	2407.04	0
61.161	3	1	5	4680.62	0
61.201	3	1	5	10746.8	0
61.241	3	1	5	24328.2	0
61.281	3	1	5	58317.4	0
61.321	3	1	5	153706	0
61.361	3	1	5	132070	0
61.401	3	1	5	28799.4	0
61.441	3	1	5	5616.15	0
61.481	3	1	5	1123.19	0
61.521	3	1	5	414.363	0
61.561	3	1	5	135.037	0
61.601	3	1	5	54.5135	0
61.641	3	1	5	555.853	0
61.681	3	1	5	3419.82	0
61.721	3	1	5	7444.45	0
61.761	3	1	5	3528.18	0
61.801	3	1	5	1895.47	0
61.841	3	1	5	2698.32	0
61.881	3	1	5	8316.29	0
61.921	3	1	5	39696	0
61.961	3	1	5	59678.1	0
62.001	3	1	5	24149.3	0
62.041	3	1	5	11649	0
62.081	3	1	5	5430.24	0
62.121	3	1	5	2836.07	0
62.161	3	1	5	1998.58	0
62.201	3	1	5	2131.06	0
62.241	3	1	5	3097.18	0
62.281	3	1	5	5253.7	0
62.321	3	1	5	9853.04	0
62.361	3	1	5	15563.8	0
62.401	3	1	5	6737.5	0
62.441	3	1	5	1578.58	0
62.481	3	1	5	769.374	0
62.521	3	1	5	6326.89	0
62.561	3	1	5	7530.77	0
62.601	3	1	5	8266.57	0
62.641	3	1	5	8730.65	0
62.681	3	1	5	9057.83	0
62.721	3	1	5	8530.17	0
62.761	3	1	5	5710.02	0
62.801	3	1	5	5989.4	0
62.841	3	1	5	6044.88	0
62.881	3	1	5	5889.15	0
62.921	3	1	5	5745.09	0
62.961	3	1	5	5842.49	0
63.001	3	1	5	3906.17	0
63.041	3	1	5	4024.34	0
63.081	3	1	5	4877.82	0
63.121	3	1	5	4032.01	0
63.161	3	1	5	1959.48	0
63.201	3	1	5	581.624	0
63.241	3	1	5	195.501	0
63.281	3	1	5	401.778	0
63.321	3	1	5	1094.04	0
63.361	3	1	5	2840.07	0
63.401	3	1	5	7194.34	0
63.441	3	1	5	9046.12	0
63.481	3	1	5	7453.1	0
63.521	3	1	5	1390.74	0
63.561	3	1	5	3592.27	0
63.601	3	1	5	9081.88	0
63.641	3	1	5	7448.34	0
63.681	3	1	5	4691.52	0
63.721	3	1	5	3060.47	0
63.761	3	1	5	1977.85	0
63.801	3	1	5	1247.76	0
63.841	3	1	5	1126.36	0
63.881	3	1	5	2046.81	0
63.921	3	1	5	3147.72	0
63.961	3	1	5	3474.31	0
64.001	3	1	5	598.995	0
64.041	3	1	5	562.218	0
64.081	3	1	5	1060.36	0
64.121	3	1	5	2560.64	0
64.161	3	1	5	5493.08	0
64.201	3	1	5	7645.96	0
64.241	3	1	5	4650.62	0
64.281	3	1	5	1775.78	0
64.321	3	1	5	1813.04	0
64.361	3	1	5	4317.75	0
64.401	3	1	5	9223.06	0
64.441	3	1	5	16695	0
64.481	3	1	5	26519.3	0
64.521	3	1	5	9854.46	0
64.561	3	1	5	7151.1	0
64.601	3	1	5	3323.77	0
64.641	3	1	5	3193.77	0
64.681	3	1	5	5330.03	0
64.721	3	1	5	13220.6	0
64.761	3	1	5	58644.2	0
64.801	3	1	5	76048.5	0
64.841	3	1	5	13489.6	0
64.881	3	1	5	3907.41	0
64.921	3	1	5	1170.52	0
64.961	3	1	5	171.203	0
65.001	3	1	5	1426.24	0
65.041	3	1	5	1424.3	0
65.081	3	1	5	1047.4	0
65.121	3	1	5	956.04	0
65.161	3	1	5	1368.25	0
65.201	3	1	5	4809.12	0
65.241	3	1	5	8169.07	0
65.281	3	1	5	3228.77	0
65.321	3	1	5	1877.91	0
65.361	3	1	5	1412.65	0
65.401	3	1	5	1412.9	0
65.441	3	1	5	2240.11	0
65.481	3	1	5	4829.06	0
65.521	3	1	5	2723.84	0
65.561	3	1	5	2912.87	0
65.601	3	1	5	2821.08	0
65.641	3	1	5	3110.17	0
65.681	3	1	5	5239.13	0
65.721	3	1	5	6640.12	0
65.761	3	1	5	5904.44	0
65.801	3	1	5	4319.68	0
65.841	3	1	5	2788.36	0
65.881	3	1	5	2035.73	0
65.921	3	1	5	2635.22	0
65.961	3	1	5	4706.98	0
66.001	3	1	5	15348.2	0
66.041	3	1	5	19008.5	0
66.081	3	1	5	10950.5	0
66.121	3	1	5	7433.2	0
66.161	3	1	5	5176.71	0
66.201	3	1	5	3396.8	0
66.241	3	1	5	2028.13	0
66.281	3	1	5	1237.7	0
66.321	3	1	5	1096.82	0
66.361	3	1	5	1449.52	0
66.401	3	1	5	2010.32	0
66.441	3	1	5	2493.96	0
66.481	3	1	5	2661.28	0
66.521	3	1	5	28534	0
66.561	3	1	5	37498.4	0
66.601	3	1	5	21305.5	0
66.641	3	1	5	10346.8	0
66.681	3	1	5	4741.27	0
66.721	3	1	5	1879.72	0
66.761	3	1	5	686.775	0
66.801	3	1	5	1699.84	0
66.841	3	1	5	11725.6	0
66.881	3	1	5	31111.8	0
66.921	3	1	5	42918.4	0
66.961	3	1	5	23787.1	0
67.001	3	1	5	5492.01	0
67.041	3	1	5	1683.99	0
67.081	3	1	5	1463.19	0
67.121	3	1	5	1843.35	0
67.161	3	1	5	2890.55	0
67.201	3	1	5	5462.9	0
67.241	3	1	5	17518.9	0
67.281	3	1	5	30266.4	0
67.321	3	1	5	48586.3	0
67.361	3	1	5	56296	0
67.401	3	1	5	45098.2	0
67.441	3	1	5	44937.3	0
67.481	3	1	5	44401.5	0
67.521	3	1	5	1014.34	0
67.561	3	1	5	811.98	0
67.601	3	1	5	724.07	0
67.641	3	1	5	616.819	0
67.681	3	1	5	506.299	0
67.721	3	1	5	428.598	0
67.761	3	1	5	391.834	0
67.801	3	1	5	459.284	0
67.841	3	1	5	1046.82	0
67.881	3	1	5	6121.02	0
67.921	3	1	5	14861.8	0
67.961	3	1	5	6961.5	0
68.001	3	1	5	3957.02	0
68.041	3	1	5	4785.83	0
68.081	3	1	5	7263.24	0
68.121	3	1	5	12575.9	0
68.161	3	1	5	31107.6	0
68.201	3	1	5	50149.9	0
68.241	3	1	5	80940.8	0
68.281	3	1	5	101835	0
68.321	3	1	5	126846	0
68.361	3	1	5	111420	0
68.401	3	1	5	72180.4	0
68.441	3	1	5	18852	0
68.481	3	1	5	3833.45	0
68.521	3	1	5	3089.36	0
68.561	3	1	5	2137.05	0
68.601	3	1	5	1249.34	0
68.641	3	1	5	1203.08	0
68.681	3	1	5	1702.01	0
68.721	3	1	5	3697.48	0
68.761	3	1	5	16028.7	0
68.801	3	1	5	25880.5	0
68.841	3	1	5	5924.53	0
68.881	3	1	5	2648.04	0
68.921	3	1	5	1701.15	0
68.961	3	1	5	1370.19	0
69.001	3	1	5	2391.29	0
69.041	3	1	5	3141.59	0
69.081	3	1	5	3814.91	0
69.121	3	1	5	4647.86	0
69.161	3	1	5	6543.48	0
69.201	3	1	5	14250.5	0
69.241	3	1	5	48956.4	0
69.281	3	1	5	78349.2	0
69.321	3	1	5	104060	0
69.361	3	1	5	115002	0
69.401	3	1	5	104743	0
69.441	3	1	5	78510.2	0
69.481	3	1	5	50352.6	0
69.521	3	1	5	5978.04	0
69.561	3	1	5	6572.36	0
69.601	3	1	5	5141.74	0
69.641	3	1	5	3711.58	0
69.681	3	1	5	4953.03	0
69.721	3	1	5	11052	0
69.761	3	1	5	22061.6	0
69.801	3	1	5	21462.7	0
69.841	3	1	5	10113.5	0
69.881	3	1	5	3663.78	0
69.921	3	1	5	1356.64	0
69.961	3	1	5	1547.52	0
70.001	3	1	5	2115.34	0
70.041	3	1	5	8999.28	0
70.081	3	1	5	8480.41	0
70.121	3	1	5	7631.92	0
70.161	3	1	5	6715.77	0
70.201	3	1	5	5604.77	0
70.241	3	1	5	3992.88	0
70.281	3	1	5	1652.4	0
70.321	3	1	5	1066.59	0
70.361	3	1	5	4213.63	0
70.401	3	1	5	5558.37	0
70.441	3	1	5	5308.84	0
70.481	3	1	5	4395.62	0
70.521	3	1	5	8040.01	0
70.561	3	1	5	18470	0
70.601	3	1	5	15848.1	0
70.641	3	1	5	10126.5	0
70.681	3	1	5	2296.39	0
70.721	4	1	1	13053.9	0
70.761	4	1	1	15110.8	0
70.801	4	1	1	13245.3	0
70.841	4	1	1	7791.63	0
70.881	4	1	1	4190.88	0
70.921	4	1	1	3540.33	0
70.961	4	1	1	5485.09	0
71.001	4	1	1	6622.48	0
71.041	4	1	1	6324.3	0
71.081	4	1	1	11374.9	0
71.121	4	1	1	12999.6	0
71.161	3	1	6	5573.23	0
71.201	3	1	6	6391.15	0
71.241	3	1	6	8050.65	0
71.281	3	1	6	8128.93	0
71.321	3	1	6	4844.19	0
71.361	3	1	6	2588.78	0
71.401	3	1	6	1660.89	0
71.441	3	1	6	1271.3	0
71.481	3	1	6	1152	0
71.521	3	1	6	4722.52	0
71.561	3	1	6	6274.75	0
71.601	3	1	6	6364.17	0
71.641	3	1	6	4604.96	0
71.681	3	1	6	3549.92	0
71.721	3	1	6	8040.61	0
71.761	3	1	6	18880.7	0
71.801	3	1	6	28482.3	0
71.841	3	1	6	27706.7	0
71.881	3	1	6	18566.8	0
71.921	3	1	6	8931.58	0
71.961	3	1	6	3695.73	0
72.001	3	1	6	2264.36	0
72.041	3	1	6	4355.4	0
72.081	3	1	6	8769.36	0
72.121	3	1	6	11708.9	0
72.161	3	1	6	7792.84	0
72.201	3	1	6	3562.77	0
72.241	3	1	6	1927.12	0
72.281	3	1	6	2387.68	0
72.321	3	1	6	3947.31	0
72.361	3	1	6	6286.77	0
72.401	3	1	6	9680.12	0
72.441	3	1	6	15242.2	0
72.481	4	1	2	4480.32	0
72.521	4	1	2	3626.09	0
72.561	4	1	2	2220.16	0
72.601	4	1	2	3186.63	0
72.641	4	1	2	7219.29	0
72.681	4	1	2	10906.1	0
72.721	4	1	2	12081.8	0
72.761	4	1	2	10288.6	0
72.801	4	1	2	6116.61	0
72.841	4	1	2	4668.3	0
72.881	4	1	2	4835.63	0
72.921	3	1	7	1698.08	0
72.961	3	1	7	1898.12	0
73.001	3	1	7	538.862	0
73.041	3	1	7	1975.07	0
73.081	3	1	7	2598.42	0
73.121	3	1	7	3019.28	0
73.161	3	1	7	3229.32	0
73.201	3	1	7	3320.97	0
73.241	3	1	7	4536.35	0
73.281	3	1	7	6715.07	0
73.321	3	1	7	9207.05	0
73.361	3	1	7	11136.9	0
73.401	3	1	7	11631.2	0
73.441	3	1	7	10009.8	0
73.481	3	1	7	6128.55	0
73.521	3	1	7	15334.2	0
73.561	3	1	7	30609.3	0
73.601	3	1	7	44684.6	0
73.641	3	1	7	31987.5	0
73.681	3	1	7	17620.2	0
73.721	3	1	7	8213.68	0
73.761	3	1	7	2535.07	0
73.801	3	1	7	875.265	0
73.841	3	1	7	7040.18	0
73.881	3	1	7	18285.1	0
73.921	3	1	7	24663.6	0
73.961	3	1	7	23266.5	0
74.001	3	1	7	6476.79	0
74.041	4	1	3	6660.69	0
74.081	4	1	3	11031.6	0
74.121	4	1	3	17043.9	0
74.161	4	1	3	11930.8	0
74.201	4	1	3	6533.07	0
74.241	4	1	3	2916.73	0
74.281	4	1	3	1772.26	0
74.321	4	1	3	2257.01	0
74.361	4	1	3	2867.86	0
74.401	4	1	3	2050.95	0
74.441	4	1	3	1206.54	0
74.481	4	1	3	1350.19	0
74.521	3	1	8	9477.31	0
74.561	3	1	8	7143.03	0
74.601	3	1	8	4020.14	0
74.641	3	1	8	2368.79	0
74.681	3	1	8	2084.33	0
74.721	3	1	8	2866.77	0
74.761	3	1	8	3191.7	0
74.801	3	1	8	4846.76	0
74.841	3	1	8	8611.93	0
74.881	3	1	8	7939.47	0
74.921	3	1	8	6159.31	0
74.961	3	1	8	5441.95	0
75.001	3	1	8	1068.23	0
75.041	3	1	8	1777.81	0
75.081	3	1	8	3113.56	0
75.121	3	1	8	3968	0
75.161	4	1	4	11887.5	0
75.201	4	1	4	9691.87	0
75.241	4	1	4	9071.85	0
75.281	4	1	4	10390.7	0
75.321	4	1	4	15545.5	0
75.361	4	1	4	9730.05	0
75.401	4	1	4	4959.09	0
75.441	4	1	4	2116.38	0
75.481	4	1	4	719.894	0
75.521	3	1	9	14140.2	0
75.561	3	1	9	10038.8	0
75.601	3	1	9	5651.66	0
75.641	3	1	9	1402.47	0
75.681	3	1	9	778.443	0
75.721	3	1	9	1365.93	0
75.761	3	1	9	2454.67	0
75.801	3	1	9	3856.3	0
75.841	3	1	9	5410.16	0
75.881	3	1	9	6764.24	0
75.921	3	1	9	7267.3	0
75.961	3	1	9	6373.29	0
76.001	3	1	9	5732.02	0
76.041	3	1	9	4135.93	0
76.081	3	1	9	5256.37	0
76.121	3	1	9	6546.93	0
76.161	3	1	9	6969.86	0
76.201	3	1	9	4827.48	0
76.241	3	1	9	1541.76	0
76.281	3	1	9	312.801	0
76.321	3	1	9	700.945	0
76.361	3	1	9	1673.34	0
76.401	3	1	9	2825.82	0
76.441	3	1	9	3959.43	0
76.481	3	1	9	4286.04	0
76.521	3	1	9	7254.68	0
76.561	3	1	9	12741.3	0
76.601	3	1	9	24033.4	0
76.641	3	1	9	35600.5	0
76.681	3	1	9	25292.8	0
76.721	3	1	9	11450.8	0
76.761	3	1	9	4646.53	0
76.801	3	1	9	1582.47	0
76.841	4	1	5	6224.47	0
76.881	4	1	5	16456.1	0
76.921	4	1	5	23069	0
76.961	4	1	5	26540.5	0
77.001	4	1	5	1890.3	0
77.041	4	1	5	2017.96	0
77.081	4	1	5	2875.98	0
77.121	4	1	5	4490.45	0
77.161	4	1	5	8011.68	0
77.201	4	1	5	13215.2	0
77.241	4	1	5	8370.06	0
77.281	4	1	5	3160.62	0
77.321	4	1	5	1480.73	0
77.361	4	1	5	964.699	0
77.401	4	1	5	852.111	0
77.441	4	1	5	906.637	0
77.481	4	1	5	1002.05	0
77.521	4	1	5	16759.2	0
77.561	4	1	5	14659.2	0
77.601	4	1	5	13683.3	0
77.641	4	1	5	13985.5	0
77.681	4	1	5	12585.3	0
77.721	4	1	5	11045.8	0
77.761	4	1	5	10984.3	0
77.801	4	1	5	11526.6	0
77.841	4	1	5	12031.4	0
77.881	4	1	5	7051.19	0
77.921	4	1	5	3525.31	0
77.961	4	1	5	5761.84	0
78.001	4	1	5	5407.2	0
78.041	3	1	10	1703.27	0
78.081	3	1	10	2061.54	0
78.121	3	1	10	2050.77	0
78.161	3	1	10	2022.49	0
78.201	3	1	10	2027.24	0
78.241	3	1	10	2077.46	0
78.281	3	1	10	2236.17	0
78.321	3	1	10	2803.6	0
78.361	3	1	10	2419.03	0
78.401	3	1	10	1557.54	0
78.441	3	1	10	1361.14	0
78.481	3	1	10	640.517	0
78.521	3	1	10	4623.93	0
78.561	3	1	10	2930.81	0
78.601	3	1	10	2609.88	0
78.641	3	1	10	3204.82	0
78.681	3	1	10	2913.87	0
78.721	3	1	10	1715.03	0
78.761	3	1	10	874.042	0
78.801	3	1	10	419.042	0
78.841	3	1	10	1024.14	0
78.881	3	1	10	4241.18	0
78.921	3	1	10	9079.92	0
78.961	3	1	10	14443.9	0
79.001	3	1	10	26961.4	0
79.041	3	1	10	24882.4	0
79.081	3	1	10	34211.7	0
79.121	3	1	10	51696.8	0
79.161	3	1	10	37660.3	0
79.201	3	1	10	20413.2	0
79.241	3	1	10	9859.09	0
79.281	3	1	10	7936.53	0
79.321	3	1	10	7899.05	0
79.361	4	1	6	4658.38	0
79.401	4	1	6	5789.72	0
79.441	4	1	6	6402.63	0
79.481	4	1	6	6217.42	0
79.521	4	1	6	9824.75	0
79.561	4	1	6	8743.13	0
79.601	4	1	6	7960	0
79.641	4	1	6	5100.02	0
79.681	4	1	6	4496.96	0
79.721	4	1	6	13412.7	0
79.761	4	1	6	19209	0
79.801	4	1	6	22052.2	0
79.841	4	1	6	22431.1	0
79.881	4	1	6	19783.4	0
79.921	4	1	6	13769.7	0
79.961	4	1	6	5868.42	0
80.001	4	1	6	2648.75	0
80.041	4	1	6	2154.14	0
80.081	4	1	6	2633.75	0
80.121	4	1	6	4003.29	0
80.161	4	1	6	6044.34	0
80.201	4	1	6	7362.41	0
80.241	4	1	6	6320.28	0
80.281	4	1	6	4282.74	0
80.321	4	1	6	2779.01	0
80.361	4	1	6	1945.6	0
80.401	4	1	6	1539.25	0
80.441	4	1	6	1421.88	0
80.481	4	1	6	1912.31	0
80.521	4	1	6	5954.1	0
80.561	4	1	6	1706.96	0
80.601	4	1	6	439.992	0
80.641	4	1	6	1107.33	0
80.681	4	1	6	1404.24	0
80.721	4	1	6	1381.67	0
80.761	4	1	6	1178.35	0
80.801	4	1	6	817.241	0
80.841	4	1	6	330.359	0
80.881	4	1	6	578.17	0
80.921	4	1	6	1603.06	0
80.961	4	1	6	1797.88	0
81.001	4	1	6	2454.73	0
81.041	4	1	6	2665.99	0
81.081	4	1	6	1889.45	0
81.121	4	1	6	1369.07	0
81.161	4	1	6	1324.48	0
81.201	4	1	6	7743.87	0
81.241	4	1	6	36043.4	0
81.281	4	1	6	9190.41	0
81.321	4	1	6	4312.56	0
81.361	4	1	6	2578.79	0
81.401	4	1	6	1538.57	0
81.441	4	1	6	747.238	0
81.481	4	1	6	204.194	0
81.521	4	1	6	13407.6	0
81.561	4	1	6	9211.96	0
81.601	4	1	6	5833.55	0
81.641	4	1	6	10530.8	0
81.681	4	1	6	23880	0
81.721	4	1	6	65729.4	0
81.761	4	1	6	127858	0
81.801	4	1	6	122921	0
81.841	4	1	6	51289.6	0
81.881	4	1	6	18624.9	0
81.921	4	1	6	8805.19	0
81.961	4	1	6	5488.66	0
82.001	4	1	6	21692	0
82.041	4	1	6	10288.8	0
82.081	4	1	6	1910.89	0
82.121	4	1	6	448.333	0
82.161	4	1	6	188.604	0
82.201	4	1	6	323.468	0
82.241	4	1	6	866.919	0
82.281	4	1	6	2705.99	0
82.321	4	1	6	9869.2	0
82.361	4	1	6	18270.4	0
82.401	4	1	6	12442.9	0
82.441	4	1	6	8661.03	0
82.481	4	1	6	6985.45	0
82.521	4	1	6	1416.5	0
82.561	4	1	6	2900.28	0
82.601	4	1	6	4035.52	0
82.641	4	1	6	4641.45	0
82.681	4	1	6	5021.8	0
82.721	4	1	6	5371.32	0
82.761	4	1	6	5876.15	0
82.801	4	1	6	7647.17	0
82.841	4	1	6	9960.62	0
82.881	4	1	6	17024.7	0
82.921	4	1	6	20017.1	0
82.961	4	1	6	30731.3	0
83.001	4	1	6	17861.4	0
83.041	4	1	6	10626.2	0
83.081	4	1	6	25339.6	0
83.121	4	1	6	9954.07	0
83.161	4	1	6	3763.82	0
83.201	4	1	6	1731.46	0
83.241	4	1	6	855.214	0
83.281	4	1	6	496.395	0
83.321	4	1	6	813.843	0
83.361	4	1	6	4685.46	0
83.401	4	1	6	52265	0
83.441	4	1	6	16542.4	0
83.481	4	1	6	5595.29	0
83.521	4	1	6	919.453	0
83.561	4	1	6	1388.93	0
83.601	4	1	6	2917.91	0
83.641	4	1	6	5949.25	0
83.681	4	1	6	8186.01	0
83.721	4	1	6	5981.12	0
83.761	4	1	6	3087.92	0
83.801	4	1	6	1760.6	0
83.841	4	1	6	1996.93	0
83.881	4	1	6	4255.52	0
83.921	4	1	6	10012.3	0
83.961	4	1	6	19272	0
84.001	4	1	6	3304.74	0
84.041	4	1	6	534.956	0
84.081	4	1	6	585.547	0
84.121	4	1	6	1098.31	0
84.161	4	1	6	2912.6	0
84.201	4	1	6	7192.18	0
84.241	4	1	6	10768.4	0
84.281	4	1	6	9788.42	0
84.321	4	1	6	7502.23	0
84.361	4	1	6	5821.48	0
84.401	4	1	6	4915.87	0
84.441	4	1	6	4623.16	0
84.481	4	1	6	4883.81	0
84.521	4	1	6	1613.08	0
84.561	4	1	6	2535.62	0
84.601	4	1	6	4197.96	0
84.641	4	1	6	6608.7	0
84.681	4	1	6	9077.38	0
84.721	4	1	6	8619.97	0
84.761	4	1	6	4686.96	0
84.801	4	1	6	1687.97	0
84.841	4	1	6	503.813	0
84.881	4	1	6	311.334	0
84.921	4	1	6	680.237	0
84.961	4	1	6	1638.02	0
85.001	4	1	6	1045.39	0
85.041	4	1	6	383.403	0
85.081	4	1	6	604.938	0
85.121	4	1	6	1003.25	0
85.161	4	1	6	1326.83	0
85.201	4	1	6	1403.01	0
85.241	4	1	6	1096.96	0
85.281	4	1	6	671.693	0
85.321	4	1	6	8918.09	0
85.361	4	1	6	47231.3	0
85.401	4	1	6	42894.6	0
85.441	4	1	6	26577.8	0
85.481	4	1	6	20005.6	0
85.521	4	1	6	13210.2	0
85.561	4	1	6	12328.1	0
85.601	4	1	6	10094.8	0
85.641	4	1	6	6259.36	0
85.681	4	1	6	5478.48	0
85.721	4	1	6	5586.53	0
85.761	4	1	6	5511.84	0
85.801	4	1	6	5340.06	0
85.841	4	1	6	5218.62	0
85.881	4	1	6	5384.88	0
85.921	4	1	6	6619.77	0
85.961	4	1	6	12035.1	0
86.001	4	1	6	26925.1	0
86.041	4	1	6	11811.8	0
86.081	4	1	6	11486.3	0
86.121	4	1	6	6542.74	0
86.161	4	1	6	3456.62	0
86.201	4	1	6	3637.39	0
86.241	4	1	6	3951.1	0
86.281	4	1	6	3995.88	0
86.321	4	1	6	3839.84	0
86.361	4	1	6	3585.13	0
86.401	4	1	6	3675.34	0
86.441	4	1	6	7907.99	0
86.481	4	1	6	28837.7	0
86.521	4	1	6	4461.49	0
86.561	4	1	6	4994.35	0
86.601	4	1	6	6402.4	0
86.641	4	1	6	9375.62	0
86.681	4	1	6	13567.7	0
86.721	4	1	6	12736	0
86.761	4	1	6	6417.72	0
86.801	4	1	6	2618.73	0
86.841	4	1	6	2750.93	0
86.881	4	1	6	9781.79	0
86.921	4	1	6	27717.6	0
86.961	4	1	6	33416	0
87.001	4	1	6	10345.6	0
87.041	4	1	6	5196.57	0
87.081	4	1	6	4311.27	0
87.121	4	1	6	3865.45	0
87.161	4	1	6	3778.61	0
87.201	4	1	6	3883.34	0
87.241	4	1	6	4136.2	0
87.281	4	1	6	4883.52	0
87.321	4	1	6	7142.67	0
87.361	4	1	6	12733.2	0
87.401	4	1	6	20105.5	0
87.441	4	1	6	12318.3	0
87.481	4	1	6	4278.04	0
87.521	4	1	6	6939.04	0
87.561	4	1	6	6942.27	0
87.601	4	1	6	7305.88	0
87.641	4	1	6	7402.68	0
87.681	4	1	6	6417.41	0
87.721	4	1	6	9253.7	0
87.761	4	1	6	17546.7	0
87.801	4	1	6	21437.5	0
87.841	4	1	6	25132.7	0
87.881	4	1	6	30173.5	0
87.921	4	1	6	37872.5	0
87.961	4	1	6	49699.1	0
88.001	4	1	6	16269	0
88.041	4	1	6	9728.47	0
88.081	4	1	6	2294.3	0
88.121	4	1	6	517.67	0
88.161	4	1	6	521.2	0
88.201	4	1	6	1131.45	0
88.241	4	1	6	2263.71	0
88.281	4	1	6	4432.37	0
88.321	4	1	6	9710.36	0
88.361	4	1	6	28681.2	0
88.401	4	1	6	67237.5	0
88.441	4	1	6	18194.3	0
88.481	4	1	6	5846.21	0
88.521	4	1	6	7134.06	0
88.561	4	1	6	15884.3	0
88.601	4	1	6	19947.4	0
88.641	4	1	6	15792.2	0
88.681	4	1	6	9884.89	0
88.721	4	1	6	5071.78	0
88.761	4	1	6	2463.12	0
88.801	4	1	6	6947.93	0
88.841	4	1	6	55552.3	0
88.881	4	1	6	249667	0
88.921	4	1	6	155122	0
88.961	4	1	6	80517.1	0
89.001	4	1	6	2766.78	0
89.041	4	1	6	1643.49	0
89.081	4	1	6	2763.13	0
89.121	4	1	6	5320.79	0
89.161	4	1	6	12303.4	0
89.201	4	1	6	36532.3	0
89.241	4	1	6	24030.5	0
89.281	4	1	6	2855.6	0
89.321	4	1	6	76.7574	0
89.361	4	1	6	533.719	0
89.401	4	1	6	2227.87	0
89.441	4	1	6	4834.76	0
89.481	4	1	6	7790.39	0
89.521	4	1	6	13525.5	0
89.561	4	1	6	18919.6	0
89.601	4	1	6	23983.4	0
89.641	4	1	6	18306.4	0
89.681	4	1	6	7259.96	0
89.721	4	1	6	2427.07	0
89.761	4	1	6	1748.41	0
89.801	4	1	6	3908.49	0
89.841	4	1	6	11590.8	0
89.881	4	1	6	32148.5	0
89.921	4	1	6	25329.8	0
89.961	4	1	6	8294.53	0
90.001	4	1	6	999.483	0
90.041	4	1	6	699.482	0
90.081	4	1	6	1732.25	0
90.121	4	1	6	6409.96	0
90.161	4	1	6	6817.12	0
90.201	4	1	6	3103.67	0
90.241	4	1	6	2294.05	0
90.281	4	1	6	2528.71	0
90.321	4	1	6	3739.15	0
90.361	4	1	6	7537.89	0
90.401	4	1	6	26483.4	0
90.441	4	1	6	105945	0
90.481	4	1	6	14911.5	0
90.521	4	1	6	6355.8	0
90.561	4	1	6	12043.7	0
90.601	4	1	6	27184.9	0
90.641	4	1	6	66965.3	0
90.681	4	1	6	27403.8	0
90.721	4	1	6	5373.37	0
90.761	4	1	6	1084.34	0
90.801	4	1	6	286.823	0
90.841	4	1	6	1043.8	0
90.881	4	1	6	3266.37	0
90.921	4	1	6	3735.34	0
90.961	4	1	6	2569.75	0
91.001	4	1	6	1658.08	0
91.041	4	1	6	3039.92	0
91.081	4	1	6	2415.58	0
91.121	4	1	6	3534.06	0
91.161	4	1	6	5846.35	0
91.201	4	1	6	9846.9	0
91.241	4	1	6	17258.1	0
91.281	4	1	6	33495.5	0
91.321	4	1	6	78665.4	0
91.361	4	1	6	120657	0
91.401	4	1	6	41767.1	0
91.441	4	1	6	11027.3	0
91.481	4	1	6	4245.94	0
91.521	4	1	6	1914.75	0
91.561	4	1	6	1792.47	0
91.601	4	1	6	1960.23	0
91.641	4	1	6	2405.65	0
91.681	4	1	6	3115.9	0
91.721	4	1	6	3624.48	0
91.761	4	1	6	3011.46	0
91.801	4	1	6	1754.21	0
91.841	4	1	6	867.634	0
91.881	4	1	6	477.433	0
91.921	4	1	6	494.723	0
91.961	4	1	6	1030.77	0
92.001	4	1	6	2217.28	0
92.041	4	1	6	1724.37	0
92.081	4	1	6	1015.55	0
92.121	4	1	6	865.212	0
92.161	4	1	6	1041.17	0
92.201	4	1	6	1704.78	0
92.241	4	1	6	3648.64	0
92.281	4	1	6	8821.35	0
92.321	4	1	6	18903.4	0
92.361	4	1	6	28255.4	0
92.401	4	1	6	30369.7	0
92.441	4	1	6	26228.5	0
92.481	4	1	6	11809.7	0
92.521	4	1	6	14550.3	0
92.561	4	1	6	16022.4	0
92.601	4	1	6	8810.15	0
92.641	4	1	6	7531.95	0
92.681	4	1	6	8166.68	0
92.721	4	1	6	10243.7	0
92.761	4	1	6	14082	0
92.801	4	1	6	20071.3	0
92.841	4	1	6	23681.4	0
92.881	4	1	6	14247.3	0
92.921	4	1	6	5161.08	0
92.961	4	1	6	1927.13	0
93.001	4	1	6	2291.33	0
93.041	4	1	6	5646.83	0
93.081	4	1	6	8457.77	0
93.121	4	1	6	10766.1	0
93.161	4	1	6	12018.9	0
93.201	4	1	6	12146.8	0
93.241	4	1	6	11386.7	0
93.281	4	1	6	10229.1	0
93.321	4	1	6	10304	0
93.361	4	1	6	13477.2	0
93.401	4	1	6	15971.9	0
93.441	4	1	6	15727	0
93.481	4	1	6	13677	0
93.521	4	1	6	7032.31	0
93.561	4	1	6	7768.07	0
93.601	4	1	6	7738.24	0
93.641	4	1	6	7049.21	0
93.681	4	1	6	5943.12	0
93.721	4	1	6	4627.01	0
93.761	4	1	6	3379.71	0
93.801	4	1	6	2846.66	0
93.841	4	1	6	4180.61	0
93.881	4	1	6	8900.96	0
93.921	4	1	6	18731.6	0
93.961	4	1	6	32586.5	0
94.001	4	1	6	2572.82	0
94.041	4	1	6	678.296	0
94.081	4	1	6	1005.61	0
94.121	4	1	6	1484.95	0
94.161	4	1	6	694.623	0
94.201	4	1	6	242.579	0
94.241	4	1	6	153.291	0
94.281	4	1	6	221.593	0
94.321	4	1	6	414.587	0
94.361	4	1	6	749.16	0
94.401	4	1	6	1238.78	0
94.441	4	1	6	1770.93	0
94.481	4	1	6	1902.67	0
94.521	4	1	6	2872.54	0
94.561	4	1	6	3779.34	0
94.601	4	1	6	5281.49	0
94.641	4	1	6	7659.15	0
94.681	4	1	6	10394.2	0
94.721	4	1	6	10578.1	0
94.761	4	1	6	7699.09	0
94.801	4	1	6	4814.13	0
94.841	4	1	6	2774.54	0
94.881	4	1	6	1384.39	0
94.921	4	1	6	632.577	0
94.961	4	1	6	724.85	0
95.001	4	1	6	1874.39	0
95.041	4	1	6	1185.51	0
95.081	4	1	6	1808.43	0
95.121	4	1	6	4586.56	0
95.161	4	1	6	10067.6	0
95.201	4	1	6	19397	0
95.241	4	1	6	32377.6	0
95.281	4	1	6	37132	0
95.321	4	1	6	27677	0
95.361	4	1	6	23583.1	0
95.401	4	1	6	24744.1	0
95.441	4	1	6	16812.2	0
95.481	4	1	6	9172.52	0
95.521	4	1	6	3423.3	0
95.561	4	1	6	8109.34	0
95.601	4	1	6	22551.7	0
95.641	4	1	6	37519.8	0
95.681	4	1	6	20133.5	0
95.721	4	1	6	9049.56	0
95.761	4	1	6	4506.37	0
95.801	4	1	6	2465.76	0
95.841	4	1	6	1532.99	0
95.881	4	1	6	1228.61	0
95.921	4	1	6	1393.42	0
95.961	4	1	6	2027.37	0
96.001	4	1	6	16711.6	0
96.041	4	1	6	10098.3	0
96.081	4	1	6	10122.2	0
96.121	4	1	6	12426	0
96.161	4	1	6	19095.2	0
96.201	4	1	6	38239.4	0
96.241	4	1	6	52326.6	0
96.281	4	1	6	39164.7	0
96.321	4	1	6	21750.9	0
96.361	4	1	6	5188.18	0
96.401	4	1	6	726.023	0
96.441	4	1	6	301.326	0
96.481	4	1	6	1003.75	0
96.521	4	1	6	8851.75	0
96.561	4	1	6	7111.33	0
96.601	4	1	6	15670.4	0
96.641	4	1	6	17100.6	0
96.681	4	1	6	5101.98	0
96.721	4	1	6	2301.22	0
96.761	4	1	6	1066.93	0
96.801	4	1	6	359.294	0
96.841	4	1	6	65.4279	0
96.881	4	1	6	1529.86	0
96.921	4	1	6	23019.1	0
96.961	4	1	6	7839.15	0
97.001	4	1	6	885.976	0
97.041	4	1	6	4761.98	0
97.081	4	1	6	14584.7	0
97.121	4	1	6	17274.8	0
97.161	4	1	6	13574.3	0
97.201	4	1	6	9515.3	0
97.241	4	1	6	5767.8	0
97.281	4	1	6	3055.01	0
97.321	4	1	6	3068.59	0
97.361	4	1	6	4633.09	0
97.401	4	1	6	5362.17	0
97.441	4	1	6	5058.41	0
97.481	4	1	6	4135.19	0
97.521	4	1	6	4429.62	0
97.561	4	1	6	4874.91	0
97.601	4	1	6	4938.27	0
97.641	4	1	6	3168.4	0
97.681	4	1	6	1406.54	0
97.721	4	1	6	482.705	0
97.761	4	1	6	428.58	0
97.801	4	1	6	1185.62	0
97.841	4	1	6	2570.85	0
97.881	4	1	6	4218.92	0
97.921	4	1	6	5682.65	0
97.961	4	1	6	6742.89	0
98.001	4	1	6	9066.94	0
98.041	4	1	6	38099.8	0
98.081	4	1	6	42208.6	0
98.121	4	1	6	32483.6	0
98.161	4	1	6	22251.3	0
98.201	4	1	6	13926	0
98.241	4	1	6	7443	0
98.281	4	1	6	2945	0
98.321	4	1	6	702.851	0
98.361	4	1	6	955.865	0
98.401	4	1	6	4721.08	0
98.441	4	1	6	16796.6	0
98.481	4	1	6	21297	0
98.521	4	1	6	13241.2	0
98.561	4	1	6	12737.9	0
98.601	4	1	6	14935.9	0
98.641	4	1	6	16680.5	0
98.681	4	1	6	17061	0
98.721	4	1	6	15839.9	0
98.761	4	1	6	12904.1	0
98.801	4	1	6	8499.94	0
98.841	4	1	6	4846.7	0
98.881	4	1	6	12374.6	0
98.921	4	1	6	34758.7	0
98.961	4	1	6	62298.7	0
99.001	4	1	6	43569.8	0
99.041	4	1	6	29885.5	0
99.081	4	1	6	16789	0
99.121	4	1	6	10206.5	0
99.161	4	1	6	10830.6	0
99.201	4	1	6	16621.8	0
99.241	4	1	6	31963.3	0
99.281	4	1	6	44958.8	0
99.321	4	1	6	50409.5	0
99.361	4	1	6	49043.3	0
99.401	4	1	6	40864.9	0
99.441	4	1	6	29119.5	0
99.481	4	1	6	18242.4	0
99.521	4	1	6	9157.12	0
99.561	4	1	6	5853.67	0
99.601	4	1	6	2272.39	0
99.641	5	1	1	580.137	0
99.681	5	1	1	1153.06	0
99.721	5	1	1	2803.38	0
99.761	5	1	1	9149.51	0
99.801	5	1	1	24905.6	0
99.841	5	1	1	27035.9	0
99.881	5	1	1	12615.8	0
99.921	5	1	1	5041.88	0
99.961	5	1	1	2694.18	0
100.001	5	1	1	9902.99	0
100.041	5	1	1	12004.1	0
100.081	5	1	1	3259.95	0
100.121	5	1	1	1171.23	0
100.161	5	1	1	3538.16	0
100.201	5	1	1	8175.87	0
100.241	5	1	1	12428	0
100.281	5	1	1	7959.8	0
100.321	5	1	1	3527.67	0
100.361	4	1	7	5840.27	0
100.401	4	1	7	10527.1	0
100.441	4	1	7	31097	0
100.481	4	1	7	63667.6	0
100.521	4	1	7	11530.7	0
100.561	4	1	7	9022.15	0
100.601	4	1	7	6469.5	0
100.641	4	1	7	3415.11	0
100.681	4	1	7	1178.39	0
100.721	4	1	7	5892.05	0
100.761	4	1	7	14963.2	0
100.801	4	1	7	23842.7	0
100.841	4	1	7	29645.7	0
100.881	4	1	7	24244.4	0
100.921	4	1	7	14906.2	0
100.961	4	1	7	10036.3	0
101.001	4	1	7	13235.2	0
101.041	4	1	7	10570.9	0
101.081	4	1	7	2607.91	0
101.121	4	1	7	1084.39	0
101.161	4	1	7	3417.54	0
101.201	4	1	7	6204.94	0
101.241	4	1	7	8529.53	0
101.281	4	1	7	8914.41	0
101.321	4	1	7	5764.47	0
101.361	4	1	7	2419.82	0
101.401	4	1	7	897.645	0
101.441	5	1	2	5459.82	0
101.481	5	1	2	7743.28	0
101.521	5	1	2	12460.4	0
101.561	5	1	2	7858.12	0
101.601	5	1	2	3722.12	0
101.641	5	1	2	1450.56	0
101.681	5	1	2	1316.36	0
101.721	5	1	2	2681.73	0
101.761	5	1	2	4532.83	0
101.801	5	1	2	5491.13	0
101.841	5	1	2	5770.74	0
101.881	5	1	2	5869.44	0
101.921	4	1	8	394.879	0
101.961	4	1	8	6245.26	0
102.001	4	1	8	9028.68	0
102.041	4	1	8	5587.29	0
102.081	4	1	8	8953.18	0
102.121	4	1	8	13240	0
102.161	4	1	8	11043.6	0
102.201	4	1	8	5364.02	0
102.241	4	1	8	2384.72	0
102.281	4	1	8	1042.96	0
102.321	4	1	8	401.617	0
102.361	4	1	8	799.267	0
102.401	4	1	8	3102.32	0
102.441	4	1	8	7481.8	0
102.481	4	1	8	11226.3	0
102.521	4	1	8	41601.3	0
102.561	4	1	8	29618.9	0
102.601	4	1	8	12055.5	0
102.641	4	1	8	4595.11	0
102.681	4	1	8	2110.33	0
102.721	4	1	8	1613.46	0
102.761	4	1	8	2470.35	0
102.801	4	1	8	6253.84	0
102.841	4	1	8	10457.4	0
102.881	4	1	8	9572.94	0
102.921	4	1	8	6368.28	0
102.961	4	1	8	5830.16	0
103.001	4	1	8	4036.67	0
103.041	5	1	3	14064.1	0
103.081	5	1	3	13802.5	0
103.121	5	1	3	12619.5	0
103.161	5	1	3	10387.7	0
103.201	5	1	3	9305.72	0
103.241	5	1	3	8594.27	0
103.281	5	1	3	7700.69	0
103.321	5	1	3	6516.59	0
103.361	5	1	3	5049.69	0
103.401	5	1	3	3378.23	0
103.441	5	1	3	1829.14	0
103.481	5	1	3	2194.49	0
103.521	4	1	9	62877.3	0
103.561	4	1	9	38582	0
103.601	4	1	9	19850.8	0
103.641	4	1	9	9888.05	0
103.681	4	1	9	5426.15	0
103.721	4	1	9	6134.93	0
103.761	4	1	9	16462.5	0
103.801	4	1	9	17422.4	0
103.841	4	1	9	10994.3	0
103.881	4	1	9	2733.52	0
103.921	4	1	9	4722.83	0
103.961	4	1	9	25542.2	0
104.001	4	1	9	4590.7	0
104.041	4	1	9	1646.4	0
104.081	4	1	9	2104.7	0
104.121	4	1	9	2665.46	0
104.161	5	1	4	331.306	0
104.201	5	1	4	1113.85	0
104.241	5	1	4	2962.59	0
104.281	5	1	4	4461.96	0
104.321	5	1	4	4318.32	0
104.361	5	1	4	3443.63	0
104.401	5	1	4	2465.74	0
104.441	5	1	4	1576.62	0
104.481	5	1	4	1117.33	0
104.521	5	1	4	19922.5	0
104.561	5	1	4	34667.2	0
104.601	5	1	4	58268.4	0
104.641	5	1	4	69509.8	0
104.681	5	1	4	35396.6	0
104.721	5	1	4	7694.3	0
104.761	5	1	4	2821.84	0
104.801	5	1	4	9081.03	0
104.841	5	1	4	16991.6	0
104.881	5	1	4	24590.2	0
104.921	5	1	4	28841.3	0
104.961	5	1	4	23331.6	0
105.001	4	1	10	21138.3	0
105.041	4	1	10	11784.2	0
105.081	4	1	10	13055.8	0
105.121	4	1	10	11997.1	0
105.161	4	1	10	7305.28	0
105.201	4	1	10	2735.94	0
105.241	4	1	10	1243.83	0
105.281	4	1	10	1620.67	0
105.321	4	1	10	2739.11	0
105.361	4	1	10	4233.77	0
105.401	4	1	10	6024.43	0
105.441	4	1	10	7966.43	0
105.481	4	1	10	9623.4	0
105.521	4	1	10	3068.85	0
105.561	4	1	10	4388.04	0
105.601	4	1	10	6593.21	0
105.641	4	1	10	7889.12	0
105.681	4	1	10	6758.28	0
105.721	4	1	10	5533.99	0
105.761	4	1	10	4398.15	0
105.801	4	1	10	3364.86	0
105.841	4	1	10	2381.05	0
105.881	4	1	10	1461.85	0
105.921	4	1	10	791.739	0
105.961	4	1	10	887.634	0
106.001	5	1	5	4721.37	0
106.041	5	1	5	13144.2	0
106.081	5	1	5	13630.9	0
106.121	5	1	5	1888.3	0
106.161	5	1	5	1382.56	0
106.201	5	1	5	3497.26	0
106.241	5	1	5	8866.54	0
106.281	5	1	5	23896.5	0
106.321	5	1	5	101107	0
106.361	5	1	5	79853	0
106.401	5	1	5	26229.2	0
106.441	5	1	5	2354.33	0
106.481	5	1	5	1503.08	0
106.521	5	1	5	37641.3	0
106.561	5	1	5	28522.5	0
106.601	5	1	5	14599.3	0
106.641	5	1	5	11644.7	0
106.681	5	1	5	10491.1	0
106.721	5	1	5	9202.91	0
106.761	5	1	5	7117.11	0
106.801	5	1	5	4340.21	0
106.841	5	1	5	1787.1	0
106.881	5	1	5	611.512	0
106.921	5	1	5	1139.44	0
106.961	5	1	5	2585.35	0
107.001	5	1	5	3026.87	0
107.041	5	1	5	4664.49	0
107.081	5	1	5	9155.31	0
107.121	5	1	5	19796.8	0
107.161	5	1	5	29765.2	0
107.201	5	1	5	33266.6	0
107.241	5	1	5	29554.2	0
107.281	5	1	5	21314.9	0
107.321	5	1	5	12247.5	0
107.361	5	1	5	5352.94	0
107.401	5	1	5	1962.32	0
107.441	5	1	5	1754.68	0
107.481	5	1	5	3276.82	0
107.521	5	1	5	6006.07	0
107.561	5	1	5	5520.91	0
107.601	5	1	5	5502.48	0
107.641	5	1	5	5145.03	0
107.681	5	1	5	3472.91	0
107.721	5	1	5	1791.23	0
107.761	5	1	5	1540.58	0
107.801	5	1	5	2053.65	0
107.841	5	1	5	2883.21	0
107.881	5	1	5	4047.06	0
107.921	5	1	5	5944.86	0
107.961	5	1	5	9895.79	0
108.001	5	1	5	32506.2	0
108.041	5	1	5	12717.1	0
108.081	5	1	5	4877.68	0
108.121	5	1	5	2115.91	0
108.161	5	1	5	1296.83	0
108.201	5	1	5	3898.69	0
108.241	5	1	5	18907.1	0
108.281	5	1	5	39014.1	0
108.321	5	1	5	27623.1	0
108.361	5	1	5	16955.3	0
108.401	5	1	5	10966.8	0
108.441	5	1	5	7438.45	0
108.481	5	1	5	5699.17	0
108.521	5	1	5	1372.38	0
108.561	5	1	5	681.497	0
108.601	5	1	5	453.187	0
108.641	5	1	5	529.763	0
108.681	5	1	5	1056.02	0
108.721	5	1	5	2660.55	0
108.761	5	1	5	4966.32	0
108.801	5	1	5	3344.69	0
108.841	5	1	5	1565.83	0
108.881	5	1	5	778.744	0
108.921	5	1	5	434.373	0
108.961	5	1	5	330.838	0
109.001	5	1	5	10775	0
109.041	5	1	5	14901.7	0
109.081	5	1	5	6642.41	0
109.121	5	1	5	2842.56	0
109.161	5	1	5	1282.5	0
109.201	5	1	5	1664.82	0
109.241	5	1	5	4822.29	0
109.281	5	1	5	8487.85	0
109.321	5	1	5	6757.6	0
109.361	5	1	5	4019.92	0
109.401	5	1	5	2611.83	0
109.441	5	1	5	2351.18	0
109.481	5	1	5	3180.4	0
109.521	5	1	5	8871.71	0
109.561	5	1	5	6472.58	0
109.601	5	1	5	3808.46	0
109.641	5	1	5	1744.35	0
109.681	5	1	5	1470.07	0
109.721	5	1	5	5746.41	0
109.761	5	1	5	22618.1	0
109.801	5	1	5	23977	0
109.841	5	1	5	15019.4	0
109.881	5	1	5	9754.06	0
109.921	5	1	5	17725.4	0
109.961	5	1	5	31080.7	0
110.001	5	1	5	8435.77	0
110.041	5	1	5	2318.17	0
110.081	5	1	5	1683.23	0
110.121	5	1	5	5206.71	0
110.161	5	1	5	9226.85	0
110.201	5	1	5	9480.19	0
110.241	5	1	5	9752.23	0
110.281	5	1	5	10302.9	0
110.321	5	1	5	8964.77	0
110.361	5	1	5	5002.2	0
110.401	4	1	11	10775.7	0
110.441	4	1	11	13078.4	0
110.481	4	1	11	12131	0
110.521	4	1	11	7447.45	0
110.561	4	1	11	7132.48	0
110.601	4	1	11	7554.78	0
110.641	4	1	11	9917.76	0
110.681	4	1	11	14125.2	0
110.721	4	1	11	18667.2	0
110.761	4	1	11	21472.3	0
110.801	4	1	11	21178.4	0
110.841	4	1	11	17921.4	0
110.881	4	1	11	13041.6	0
110.921	4	1	11	8166.04	0
110.961	4	1	11	4399.21	0
111.001	5	1	6	20170.5	0
111.041	5	1	6	49107.6	0
111.081	5	1	6	133809	0
111.121	5	1	6	31747.9	0
111.161	5	1	6	8915.65	0
111.201	5	1	6	3836.18	0
111.241	5	1	6	2950.46	0
111.281	5	1	6	5043.3	0
111.321	5	1	6	13332.2	0
111.361	5	1	6	32829.4	0
111.401	5	1	6	29394.6	0
111.441	5	1	6	15554.7	0
111.481	5	1	6	11626.1	0
111.521	5	1	6	3226.1	0
111.561	5	1	6	4279.07	0
111.601	5	1	6	6218.06	0
111.641	5	1	6	10447.3	0
111.681	5	1	6	17836.3	0
111.721	5	1	6	10017	0
111.761	5	1	6	3384.98	0
111.801	5	1	6	2137.6	0
111.841	5	1	6	2280.82	0
111.881	5	1	6	3095.53	0
111.921	5	1	6	4790.2	0
111.961	5	1	6	7387.86	0
112.001	5	1	6	17854.3	0
112.041	5	1	6	12404.7	0
112.081	5	1	6	11085.7	0
112.121	5	1	6	9802.42	0
112.161	5	1	6	9329.39	0
112.201	5	1	6	12292.5	0
112.241	5	1	6	30111.9	0
112.281	5	1	6	44698.8	0
112.321	5	1	6	56433.6	0
112.361	5	1	6	27070.7	0
112.401	5	1	6	11604.6	0
112.441	5	1	6	5447.92	0
112.481	5	1	6	2666.48	0
112.521	5	1	6	13594.1	0
112.561	5	1	6	18556.9	0
112.601	5	1	6	12608.8	0
112.641	5	1	6	8131.23	0
112.681	5	1	6	5918.73	0
112.721	5	1	6	4782.14	0
112.761	5	1	6	4152.13	0
112.801	5	1	6	3675.72	0
112.841	5	1	6	2502.4	0
112.881	5	1	6	420.877	0
112.921	5	1	6	361.343	0
112.961	5	1	6	793.928	0
113.001	5	1	6	658.677	0
113.041	5	1	6	303.595	0
113.081	5	1	6	641.896	0
113.121	5	1	6	1029.12	0
113.161	5	1	6	1207.54	0
113.201	5	1	6	1119.54	0
113.241	5	1	6	790.836	0
113.281	5	1	6	534.224	0
113.321	5	1	6	2944.08	0
113.361	5	1	6	16851.7	0
113.401	5	1	6	16490	0
113.441	5	1	6	11469.6	0
113.481	5	1	6	9305.79	0
113.521	5	1	6	4612.57	0
113.561	5	1	6	4820.14	0
113.601	5	1	6	6661.18	0
113.641	5	1	6	10886.7	0
113.681	5	1	6	21413	0
113.721	5	1	6	44310.3	0
113.761	5	1	6	38625.8	0
113.801	5	1	6	21568.2	0
113.841	5	1	6	20780.4	0
113.881	5	1	6	25186	0
113.921	5	1	6	29939.4	0
113.961	5	1	6	28783.2	0
114.001	5	1	6	23951.6	0
114.041	5	1	6	8897.13	0
114.081	5	1	6	4939.28	0
114.121	5	1	6	1999.73	0
114.161	5	1	6	437.529	0
114.201	5	1	6	1098.63	0
114.241	5	1	6	8306.84	0
114.281	5	1	6	47121.3	0
114.321	5	1	6	93705.9	0
114.361	5	1	6	31624.8	0
114.401	5	1	6	10573.9	0
114.441	5	1	6	3216.13	0
114.481	5	1	6	1477.71	0
114.521	5	1	6	3282.25	0
114.561	5	1	6	4862.33	0
114.601	5	1	6	8571.6	0
114.641	5	1	6	8993.29	0
114.681	5	1	6	5969.41	0
114.721	5	1	6	4675.57	0
114.761	5	1	6	4875.58	0
114.801	5	1	6	6793.49	0
114.841	5	1	6	10227.8	0
114.881	5	1	6	5979.72	0
114.921	5	1	6	1985.98	0
114.961	5	1	6	805.838	0
115.001	5	1	6	829.44	0
115.041	5	1	6	2225.12	0
115.081	5	1	6	1850.98	0
115.121	5	1	6	1413.54	0
115.161	5	1	6	1036.7	0
115.201	5	1	6	865.214	0
115.241	5	1	6	1202.4	0
115.281	5	1	6	2772.88	0
115.321	5	1	6	5920.97	0
115.361	5	1	6	6395.31	0
115.401	5	1	6	4035.14	0
115.441	5	1	6	2186.9	0
115.481	5	1	6	1122.15	0
115.521	5	1	6	87350.7	0
115.561	5	1	6	68754.1	0
115.601	5	1	6	16400.7	0
115.641	5	1	6	4507.93	0
115.681	5	1	6	3584.27	0
115.721	5	1	6	9318.57	0
115.761	5	1	6	20086.7	0
115.801	5	1	6	25226.1	0
115.841	5	1	6	19675.6	0
115.881	5	1	6	12653.6	0
115.921	5	1	6	7891.18	0
115.961	5	1	6	5342.09	0
116.001	5	1	6	6410.51	0
116.041	5	1	6	11458.8	0
116.081	5	1	6	7007.87	0
116.121	5	1	6	4584.19	0
116.161	5	1	6	3105.47	0
116.201	5	1	6	2016.15	0
116.241	5	1	6	1133.43	0
116.281	5	1	6	1264.6	0
116.321	5	1	6	5713.05	0
116.361	5	1	6	14230.9	0
116.401	5	1	6	23369.2	0
116.441	5	1	6	29529.5	0
116.481	5	1	6	17977	0
116.521	5	1	6	2522.21	0
116.561	5	1	6	963.762	0
116.601	5	1	6	331.968	0
116.641	5	1	6	150.969	0
116.681	5	1	6	388.034	0
116.721	5	1	6	1909.75	0
116.761	5	1	6	10744.4	0
116.801	5	1	6	10325.1	0
116.841	5	1	6	6024.11	0
116.881	5	1	6	5103.47	0
116.921	5	1	6	5058.69	0
116.961	5	1	6	5081.16	0
117.001	5	1	6	7396.65	0
117.041	5	1	6	46367.6	0
117.081	5	1	6	77967.4	0
117.121	5	1	6	70827.9	0
117.161	5	1	6	45590.2	0
117.201	5	1	6	24874.6	0
117.241	5	1	6	12874	0
117.281	5	1	6	7452.94	0
117.321	5	1	6	6109.4	0
117.361	5	1	6	5130.48	0
117.401	5	1	6	4099.11	0
117.441	5	1	6	3461.65	0
117.481	5	1	6	6935.78	0
117.521	5	1	6	7925.85	0
117.561	5	1	6	17562.8	0
117.601	5	1	6	40097.8	0
117.641	5	1	6	99272.2	0
117.681	5	1	6	112727	0
117.721	5	1	6	33079.8	0
117.761	5	1	6	8631.06	0
117.801	5	1	6	2375.76	0
117.841	5	1	6	1463.06	0
117.881	5	1	6	3389	0
117.921	5	1	6	9240.16	0
117.961	5	1	6	17025.5	0
118.001	5	1	6	6051.31	0
118.041	5	1	6	10324.6	0
118.081	5	1	6	14269.8	0
118.121	5	1	6	13086.2	0
118.161	5	1	6	10209.4	0
118.201	5	1	6	7737.55	0
118.241	5	1	6	5877.33	0
118.281	5	1	6	4543.33	0
118.321	5	1	6	3884.36	0
118.361	5	1	6	5101.47	0
118.401	5	1	6	16315.5	0
118.441	5	1	6	47013.7	0
118.481	5	1	6	50754.9	0
118.521	5	1	6	5746.39	0
118.561	5	1	6	5538.33	0
118.601	5	1	6	3833.83	0
118.641	5	1	6	3900.13	0
118.681	5	1	6	8412.48	0
118.721	5	1	6	18119.1	0
118.761	5	1	6	27337.8	0
118.801	5	1	6	8928.05	0
118.841	5	1	6	2467.11	0
118.881	5	1	6	1688.67	0
118.921	5	1	6	2407.61	0
118.961	5	1	6	3999.8	0
119.001	5	1	6	21813.6	0
119.041	5	1	6	60649.2	0
119.081	5	1	6	67763.7	0
119.121	5	1	6	67901.8	0
119.161	5	1	6	45462	0
119.201	5	1	6	18145.4	0
119.241	5	1	6	8009.19	0
119.281	5	1	6	6599.29	0
119.321	5	1	6	8629.5	0
119.361	5	1	6	14241.9	0
119.401	5	1	6	27653.6	0
119.441	5	1	6	58674.1	0
119.481	5	1	6	80828.6	0
119.521	5	1	6	1562.79	0
119.561	5	1	6	1085.55	0
119.601	5	1	6	944.59	0
119.641	5	1	6	971.04	0
119.681	5	1	6	1154.71	0
119.721	5	1	6	1524.16	0
119.761	5	1	6	2041.97	0
119.801	5	1	6	2526.67	0
119.841	5	1	6	2931.5	0
119.881	5	1	6	3700.88	0
119.921	5	1	6	6406.91	0
119.961	5	1	6	20929.1	0
120.001	5	1	6	39594.4	0
120.041	5	1	6	89081.7	0
120.081	5	1	6	38768.3	0
120.121	5	1	6	23979.1	0
120.161	5	1	6	18810.9	0
120.201	5	1	6	19895.4	0
120.241	5	1	6	24450.5	0
120.281	5	1	6	17176.6	0
120.321	5	1	6	4132.19	0
120.361	5	1	6	2114.05	0
120.401	5	1	6	1688.01	0
120.441	5	1	6	1688.26	0
120.481	5	1	6	1863.05	0
120.521	5	1	6	4854.19	0
120.561	5	1	6	2276.22	0
120.601	5	1	6	1129.32	0
120.641	5	1	6	684.787	0
120.681	5	1	6	820.462	0
120.721	5	1	6	1520.62	0
120.761	5	1	6	2681.8	0
120.801	5	1	6	4109.2	0
120.841	5	1	6	6350.89	0
120.881	5	1	6	11803.7	0
120.921	5	1	6	23887.4	0
120.961	5	1	6	45760.8	0
121.001	5	1	6	20734.7	0
121.041	5	1	6	18088	0
121.081	5	1	6	22768.8	0
121.121	5	1	6	35305.5	0
121.161	5	1	6	29751	0
121.201	5	1	6	21580.9	0
121.241	5	1	6	16308.7	0
121.281	5	1	6	13879.9	0
121.321	5	1	6	12297.4	0
121.361	5	1	6	7594.41	0
121.401	5	1	6	4277.84	0
121.441	5	1	6	2239.17	0
121.481	5	1	6	1155.07	0
121.521	5	1	6	20738.9	0
121.561	5	1	6	9119.59	0
121.601	5	1	6	3511.03	0
121.641	5	1	6	4606.66	0
121.681	5	1	6	21631.9	0
121.721	5	1	6	71993.7	0
121.761	5	1	6	108524	0
121.801	5	1	6	75949.6	0
121.841	5	1	6	39385	0
121.881	5	1	6	16377.5	0
121.921	5	1	6	4083.76	0
121.961	5	1	6	1738.38	0
122.001	5	1	6	10861.5	0
122.041	5	1	6	10618.7	0
122.081	5	1	6	9767.93	0
122.121	5	1	6	9631.66	0
122.161	5	1	6	9763.67	0
122.201	5	1	6	10088.1	0
122.241	5	1	6	10510.1	0
122.281	5	1	6	9467.87	0
122.321	5	1	6	4469.52	0
122.361	5	1	6	4909.74	0
122.401	5	1	6	5759.81	0
122.441	5	1	6	6114.11	0
122.481	5	1	6	6180.23	0
122.521	5	1	6	4959.17	0
122.561	5	1	6	9056.37	0
122.601	5	1	6	14867.3	0
122.641	5	1	6	17117.7	0
122.681	5	1	6	12202.6	0
122.721	5	1	6	6605.14	0
122.761	5	1	6	3218.75	0
122.801	5	1	6	1601.07	0
122.841	5	1	6	1408.8	0
122.881	5	1	6	3135.87	0
122.921	5	1	6	9460.88	0
122.961	5	1	6	34049	0
123.001	5	1	6	8774.28	0
123.041	5	1	6	2384	0
123.081	5	1	6	3588.42	0
123.121	5	1	6	5159.52	0
123.161	5	1	6	7876.32	0
123.201	5	1	6	11462	0
123.241	5	1	6	9992.72	0
123.281	5	1	6	5492.99	0
123.321	5	1	6	3097.84	0
123.361	5	1	6	2047.46	0
123.401	5	1	6	1577.94	0
123.441	5	1	6	1456.43	0
123.481	5	1	6	1872.93	0
123.521	5	1	6	14163.1	0
123.561	5	1	6	24465	0
123.601	5	1	6	13599.5	0
123.641	5	1	6	6972.56	0
123.681	5	1	6	5194.66	0
123.721	5	1	6	6234.99	0
123.761	5	1	6	14447.3	0
123.801	5	1	6	67394.3	0
123.841	5	1	6	114360	0
123.881	5	1	6	39675.8	0
123.921	5	1	6	16924.8	0
123.961	5	1	6	8921.18	0
124.001	5	1	6	2485.35	0
124.041	5	1	6	11310.1	0
124.081	5	1	6	7958.82	0
124.121	5	1	6	3167.56	0
124.161	5	1	6	1274.59	0
124.201	5	1	6	969.253	0
124.241	5	1	6	1468.19	0
124.281	5	1	6	2580.47	0
124.321	5	1	6	4358.4	0
124.361	5	1	6	6936.93	0
124.401	5	1	6	10487.5	0
124.441	5	1	6	15122.6	0
124.481	5	1	6	19784.3	0
124.521	5	1	6	19178.5	0
124.561	5	1	6	10894.3	0
124.601	5	1	6	6379.07	0
124.641	5	1	6	4334.01	0
124.681	5	1	6	3312.61	0
124.721	5	1	6	2685.52	0
124.761	5	1	6	2321	0
124.801	5	1	6	2146.89	0
124.841	5	1	6	2100.91	0
124.881	5	1	6	2145.89	0
124.921	5	1	6	2317.7	0
124.961	5	1	6	2928.4	0
125.001	5	1	6	20672.8	0
125.041	5	1	6	20425.1	0
125.081	5	1	6	9243.88	0
125.121	5	1	6	3957.76	0
125.161	5	1	6	1672.47	0
125.201	5	1	6	707.379	0
125.241	5	1	6	436.144	0
125.281	5	1	6	755.557	0
125.321	5	1	6	1846.59	0
125.361	5	1	6	2291	0
125.401	5	1	6	1106.53	0
125.441	5	1	6	673.882	0
125.481	5	1	6	1162.39	0
125.521	5	1	6	27051.7	0
125.561	5	1	6	20167.2	0
125.601	5	1	6	14600.2	0
125.641	5	1	6	16111.2	0
125.681	5	1	6	25485.4	0
125.721	5	1	6	28981.3	0
125.761	5	1	6	22636.7	0
125.801	5	1	6	15765.2	0
125.841	5	1	6	10661.8	0
125.881	5	1	6	6964.85	0
125.921	5	1	6	4251.02	0
125.961	5	1	6	2285.65	0
126.001	5	1	6	16622.2	0
126.041	5	1	6	6788.02	0
126.081	5	1	6	2577.84	0
126.121	5	1	6	1044.64	0
126.161	5	1	6	1260.65	0
126.201	5	1	6	3283.23	0
126.241	5	1	6	8023.1	0
126.281	5	1	6	19153.9	0
126.321	5	1	6	43936.7	0
126.361	5	1	6	22929.2	0
126.401	5	1	6	12445.6	0
126.441	5	1	6	15888.2	0
126.481	5	1	6	23472.8	0
126.521	5	1	6	94174.6	0
126.561	5	1	6	36563.6	0
126.601	5	1	6	8486.66	0
126.641	5	1	6	2518.31	0
126.681	5	1	6	2767.62	0
126.721	5	1	6	4998.66	0
126.761	5	1	6	7908.77	0
126.801	5	1	6	10770.1	0
126.841	5	1	6	12260.4	0
126.881	5	1	6	10426.2	0
126.921	5	1	6	6035.9	0
126.961	5	1	6	3093.61	0
127.001	5	1	6	6324.09	0
127.041	5	1	6	1097.94	0
127.081	5	1	6	633.647	0
127.121	5	1	6	300.332	0
127.161	5	1	6	76.1505	0
127.201	5	1	6	225.21	0
127.241	5	1	6	786.676	0
127.281	5	1	6	895.164	0
127.321	5	1	6	676.349	0
127.361	5	1	6	480.795	0
127.401	5	1	6	532.71	0
127.441	5	1	6	1067.73	0
127.481	5	1	6	1807.98	0
127.521	5	1	6	2386.92	0
127.561	5	1	6	2463.38	0
127.601	5	1	6	4265.79	0
127.641	5	1	6	9193.14	0
127.681	5	1	6	6703.89	0
127.721	5	1	6	3447.56	0
127.761	5	1	6	2650.96	0
127.801	5	1	6	3361.38	0
127.841	5	1	6	6998.9	0
127.881	5	1	6	16611.4	0
127.921	5	1	6	13292.1	0
127.961	5	1	6	5990.55	0
128.001	5	1	6	16770.8	0
128.041	5	1	6	48831.7	0
128.081	5	1	6	53454	0
128.121	5	1	6	22952.5	0
128.161	5	1	6	3462.43	0
128.201	5	1	6	2752.01	0
128.241	5	1	6	4157.58	0
128.281	5	1	6	5220.01	0
128.321	5	1	6	5650.4	0
128.361	5	1	6	5295.01	0
128.401	5	1	6	4158.04	0
128.441	5	1	6	2578.85	0
128.481	5	1	6	1153.91	0
128.521	5	1	6	19498.7	0
128.561	5	1	6	12572.2	0
128.601	5	1	6	9944.72	0
128.641	5	1	6	9978.51	0
128.681	5	1	6	13891.6	0
128.721	5	1	6	27382.5	0
128.761	5	1	6	39322.2	0
128.801	5	1	6	42598.6	0
128.841	5	1	6	22904	0
128.881	5	1	6	12710.3	0
128.921	5	1	6	7660.14	0
128.961	5	1	6	5169.25	0
129.001	5	1	6	4893.66	0
129.041	5	1	6	5641.89	0
129.081	5	1	6	14364.9	0
129.121	5	1	6	15742.9	0
129.161	5	1	6	16268.7	0
129.201	5	1	6	7750.53	0
129.241	5	1	6	3914.66	0
129.281	5	1	6	2319.67	0
129.321	5	1	6	1410.62	0
129.361	5	1	6	836.517	0
129.401	5	1	6	498.781	0
129.441	5	1	6	317.33	0
129.481	5	1	6	227.076	0
129.521	5	1	6	8868.7	0
129.561	5	1	6	11122.7	0
129.601	5	1	6	13224.1	0
129.641	5	1	6	15388.8	0
129.681	5	1	6	13021	0
129.721	5	1	6	14702.7	0
129.761	5	1	6	29888.1	0
129.801	5	1	6	44697.6	0
129.841	5	1	6	43604.3	0
129.881	5	1	6	29281.3	0
129.921	5	1	6	16453.4	0
129.961	5	1	6	18262.5	0
130.001	5	1	6	13848.7	0
130.041	5	1	6	11257.8	0
130.081	5	1	6	51341.3	0
130.121	5	1	6	61697.7	0
130.161	5	1	6	56661	0
130.201	5	1	6	23094.2	0
130.241	5	1	6	6146.48	0
130.281	5	1	6	1256.07	0
130.321	5	1	6	2077.44	0
130.361	5	1	6	7474.35	0
130.401	5	1	6	16987	0
130.441	5	1	6	24062.2	0
130.481	5	1	6	13234.2	0
130.521	5	1	6	33532.6	0
130.561	5	1	6	27072.1	0
130.601	5	1	6	13559.3	0
130.641	5	1	6	5333.45	0
130.681	5	1	6	3384.56	0
130.721	5	1	6	3651.48	0
130.761	5	1	6	5047.66	0
130.801	5	1	6	8128.23	0
130.841	5	1	6	13942.5	0
130.881	5	1	6	16858.5	0
130.921	5	1	6	9901.97	0
130.961	5	1	6	4332.01	0
131.001	5	1	6	5746.38	0
131.041	5	1	6	23955	0
131.081	5	1	6	24574.9	0
131.121	5	1	6	11723.8	0
131.161	5	1	6	5908.57	0
131.201	5	1	6	3864.18	0
131.241	5	1	6	4048.99	0
131.281	5	1	6	6717.56	0
131.321	5	1	6	16849.2	0
131.361	5	1	6	21442.8	0
131.401	5	1	6	23987.9	0
131.441	5	1	6	26975.9	0
131.481	5	1	6	14782.6	0
131.521	5	1	6	9785.55	0
131.561	5	1	6	11967.3	0
131.601	5	1	6	13473.6	0
131.641	5	1	6	14252.3	0
131.681	5	1	6	14565.7	0
131.721	5	1	6	14597.1	0
131.761	5	1	6	14666.8	0
131.801	5	1	6	16034.1	0
131.841	5	1	6	20942.6	0
131.881	5	1	6	25211.3	0
131.921	5	1	6	25490.8	0
131.961	5	1	6	24696	0
132.001	5	1	6	4141.49	0
132.041	5	1	6	2744.79	0
132.081	5	1	6	3355.69	0
132.121	5	1	6	4156.4	0
132.161	5	1	6	5116.99	0
132.201	5	1	6	6006.03	0
132.241	5	1	6	5931.16	0
132.281	5	1	6	4119.45	0
132.321	5	1	6	2540.28	0
132.361	5	1	6	1964.83	0
132.401	5	1	6	1171.49	0
132.441	5	1	6	937.277	0
132.481	5	1	6	2344.86	0
132.521	5	1	6	1582.35	0
132.561	5	1	6	1322.6	0
132.601	5	1	6	1082.14	0
132.641	5	1	6	1016.41	0
132.681	5	1	6	1412.02	0
132.721	5	1	6	3460.63	0
132.761	5	1	6	14096.5	0
132.801	5	1	6	32326.6	0
132.841	5	1	6	14083.2	0
132.881	5	1	6	7026.83	0
132.921	5	1	6	4516.36	0
132.961	5	1	6	3504.51	0
133.001	5	1	6	5094.28	0
133.041	5	1	6	33812.6	0
133.081	5	1	6	26870.8	0
133.121	5	1	6	19236	0
133.161	5	1	6	11847.9	0
133.201	5	1	6	6125.57	0
133.241	5	1	6	2518.98	0
133.281	5	1	6	724.889	0
133.321	5	1	6	386.349	0
133.361	5	1	6	1585.22	0
133.401	5	1	6	5740.53	0
133.441	5	1	6	20620.1	0
133.481	5	1	6	31950.2	0
133.521	5	1	6	38767.8	0
133.561	5	1	6	33388.3	0
133.601	5	1	6	25668.7	0
133.641	5	1	6	18272.6	0
133.681	5	1	6	11419.5	0
133.721	5	1	6	5070.46	0
133.761	5	1	6	498.857	0
133.801	5	1	6	7669.15	0
133.841	5	1	6	27309.2	0
133.881	5	1	6	21650.2	0
133.921	5	1	6	13204.5	0
133.961	5	1	6	7284.7	0
134.001	5	1	6	557.808	0
134.041	5	1	6	1261.72	0
134.081	5	1	6	2472.55	0
134.121	5	1	6	4013.41	0
134.161	5	1	6	5673.37	0
134.201	5	1	6	7337.54	0
134.241	5	1	6	8743.22	0
134.281	5	1	6	9570.78	0
134.321	5	1	6	9924.16	0
134.361	5	1	6	10554.4	0
134.401	5	1	6	9868.65	0
134.441	5	1	6	7525.87	0
134.481	5	1	6	5028.13	0
134.521	5	1	6	3826.67	0
134.561	5	1	6	12699	0
134.601	5	1	6	18913.3	0
134.641	5	1	6	21171.2	0
134.681	5	1	6	19203.6	0
134.721	5	1	6	13934.5	0
134.761	5	1	6	5675.89	0
134.801	5	1	6	2061.56	0
134.841	5	1	6	887.504	0
134.881	5	1	6	548.701	0
134.921	5	1	6	318.443	0
134.961	5	1	6	175.07	0
135.001	5	1	6	316.205	0
135.041	5	1	6	425.432	0
135.081	5	1	6	644.387	0
135.121	5	1	6	640.146	0
135.161	5	1	6	463.314	0
135.201	5	1	6	393.623	0
135.241	5	1	6	494.187	0
135.281	5	1	6	788.568	0
135.321	5	1	6	1359.94	0
135.361	5	1	6	2372.17	0
135.401	5	1	6	3823.57	0
135.441	5	1	6	4112.97	0
135.481	5	1	6	1884.51	0
135.521	5	1	6	1261.32	0
135.561	5	1	6	2358.98	0
135.601	5	1	6	2895.93	0
135.641	5	1	6	1691.94	0
135.681	5	1	6	632.158	0
135.721	5	1	6	460.066	0
135.761	5	1	6	779.046	0
135.801	5	1	6	1517.56	0
135.841	5	1	6	2837.34	0
135.881	5	1	6	5148.45	0
135.921	5	1	6	8433.96	0
135.961	5	1	6	8080.19	0
136.001	5	1	6	3922.77	0
136.041	5	1	6	952.695	0
136.081	5	1	6	811.8	0
136.121	5	1	6	2229.97	0
136.161	5	1	6	11108.2	0
136.201	5	1	6	17094.1	0
136.241	5	1	6	20472.7	0
136.281	5	1	6	8104.19	0
136.321	5	1	6	3645.87	0
136.361	5	1	6	1661.58	0
136.401	5	1	6	684.159	0
136.441	5	1	6	507.645	0
136.481	5	1	6	1801.56	0
136.521	5	1	6	25252.5	0
136.561	5	1	6	28795.3	0
136.601	5	1	6	26143.5	0
136.641	5	1	6	15168.5	0
136.681	5	1	6	5882.54	0
136.721	5	1	6	2408.58	0
136.761	5	1	6	3729.53	0
136.801	5	1	6	8949.9	0
136.841	5	1	6	16527	0
136.881	5	1	6	24283.5	0
136.921	5	1	6	30357.8	0
136.961	5	1	6	34399.4	0
137.001	5	1	6	5756.32	0
137.041	5	1	6	6682.99	0
137.081	5	1	6	8746.6	0
137.121	5	1	6	11671.8	0
137.161	5	1	6	15460.1	0
137.201	5	1	6	21388.9	0
137.241	5	1	6	17744.4	0
137.281	5	1	6	10655.5	0
137.321	5	1	6	4778.28	0
137.361	5	1	6	1504.88	0
137.401	5	1	6	762.581	0
137.441	5	1	6	1206.49	0
137.481	5	1	6	2085.09	0
137.521	5	1	6	17682	0
137.561	5	1	6	14206.1	0
137.601	5	1	6	11375.3	0
137.641	5	1	6	9587	0
137.681	5	1	6	6237.56	0
137.721	5	1	6	5458.7	0
137.761	5	1	6	6561.08	0
137.801	5	1	6	10222.6	0
137.841	5	1	6	11909.9	0
137.881	5	1	6	11877.8	0
137.921	5	1	6	9581.95	0
137.961	5	1	6	4864.62	0
138.001	5	1	6	1216.86	0
138.041	5	1	6	1085.75	0
138.081	5	1	6	1709.94	0
138.121	5	1	6	2905.91	0
138.161	5	1	6	2307.67	0
138.201	5	1	6	1004	0
138.241	5	1	6	722.657	0
138.281	5	1	6	1896.62	0
138.321	5	1	6	5434.48	0
138.361	5	1	6	13677.8	0
138.401	5	1	6	18458.8	0
138.441	5	1	6	20553	0
138.481	5	1	6	10251.1	0
138.521	5	1	6	2981.26	0
138.561	5	1	6	3858.75	0
138.601	5	1	6	9976.93	0
138.641	5	1	6	14713.4	0
138.681	5	1	6	15825.1	0
138.721	5	1	6	13080.3	0
138.761	5	1	6	9957.58	0
138.801	5	1	6	10643.4	0
138.841	5	1	6	11898.8	0
138.881	5	1	6	11929.9	0
138.921	5	1	6	10565.3	0
138.961	5	1	6	8157.23	0
139.001	5	1	6	3279.27	0
139.041	5	1	6	1958.56	0
139.081	5	1	6	1912.49	0
139.121	5	1	6	3014.27	0
139.161	5	1	6	4282.27	0
139.201	5	1	6	5591.09	0
139.241	5	1	6	6702.23	0
139.281	5	1	6	7433.63	0
139.321	5	1	6	7534.2	0
139.361	5	1	6	6905.53	0
139.401	5	1	6	6080.95	0
139.441	5	1	6	6283.98	0
139.481	5	1	6	8123.71	0
139.521	5	1	6	3239.06	0
139.561	5	1	6	3537.94	0
139.601	5	1	6	3767.15	0
139.641	5	1	6	3948.33	0
139.681	5	1	6	4031.06	0
139.721	5	1	6	3812.68	0
139.761	5	1	6	2864.58	0
139.801	5	1	6	1641.86	0
139.841	5	1	6	2270.24	0
139.881	5	1	6	4060.41	0
139.921	5	1	6	6194	0
139.961	5	1	6	9183.76	0
140.001	5	1	6	25642.5	0
140.041	5	1	6	25011.4	0
140.081	5	1	6	17479.3	0
140.121	5	1	6	7428.04	0
140.161	5	1	6	2387.98	0
140.201	5	1	6	1394.25	0
140.241	5	1	6	1802.02	0
140.281	5	1	6	4318	0
140.321	5	1	6	5274.71	0
140.361	5	1	6	6874.11	0
140.401	5	1	6	6183.01	0
140.441	5	1	6	6819.78	0
140.481	5	1	6	11180.8	0
140.521	5	1	6	533.429	0
140.561	5	1	6	363.77	0
140.601	5	1	6	289.695	0
140.641	5	1	6	1278.94	0
140.681	5	1	6	3736.02	0
140.721	5	1	6	7861.17	0
140.761	5	1	6	12418.5	0
140.801	5	1	6	15548	0
140.841	5	1	6	18480.1	0
140.881	5	1	6	16837.1	0
140.921	5	1	6	12324.1	0
140.961	5	1	6	6799.3	0
141.001	5	1	6	8899.43	0
141.041	5	1	6	6117.56	0
141.081	5	1	6	17735	0
141.121	5	1	6	32120.2	0
141.161	5	1	6	28864.6	0
141.201	5	1	6	19844.8	0
141.241	5	1	6	11299.6	0
141.281	5	1	6	5108.79	0
141.321	5	1	6	1453.66	0
141.361	5	1	6	301.743	0
141.401	5	1	6	2316.66	0
141.441	5	1	6	11076.7	0
141.481	5	1	6	24787.3	0
141.521	5	1	6	26360.2	0
141.561	5	1	6	26985.5	0
141.601	5	1	6	23518.7	0
141.641	5	1	6	17846.8	0
141.681	5	1	6	12830.8	0
141.721	5	1	6	10877.2	0
141.761	5	1	6	12543.1	0
141.801	5	1	6	16234.2	0
141.841	5	1	6	19188.3	0
141.881	5	1	6	19079.6	0
141.921	5	1	6	15346.3	0
141.961	5	1	6	9484.43	0
142.001	5	1	6	1933.09	0
142.041	5	1	6	3047.77	0
142.081	5	1	6	5114.72	0
142.121	5	1	6	5107.21	0
142.161	5	1	6	4916.94	0
142.201	5	1	6	5274.92	0
142.241	5	1	6	6536.13	0
142.281	5	1	6	9714.76	0
142.321	5	1	6	8499.83	0
142.361	5	1	6	5137.67	0
142.401	5	1	6	2238.76	0
142.441	5	1	6	720.343	0
142.481	5	1	6	738.566	0
142.521	5	1	6	1742.02	0
142.561	5	1	6	962.777	0
142.601	5	1	6	1587.23	0
142.641	5	1	6	1858.24	0
142.681	5	1	6	1599.41	0
142.721	5	1	6	1123.11	0
142.761	5	1	6	1060.67	0
142.801	5	1	6	1191.72	0
142.841	5	1	6	1069.16	0
142.881	5	1	6	611.557	0
142.921	5	1	6	519.471	0
142.961	5	1	6	814.177	0
143.001	5	1	6	1031.6	0
143.041	5	1	6	998.197	0
143.081	5	1	6	1394.51	0
143.121	5	1	6	1570.39	0
143.161	5	1	6	2114.54	0
143.201	5	1	6	1773.5	0
143.241	5	1	6	1418.6	0
143.281	5	1	6	1538.04	0
143.321	5	1	6	2102.19	0
143.361	5	1	6	3658.06	0
143.401	5	1	6	6242.67	0
143.441	5	1	6	5810.06	0
143.481	5	1	6	5136.11	0
143.521	5	1	6	194.584	0
143.561	5	1	6	210.953	0
143.601	5	1	6	278.592	0
143.641	5	1	6	347.086	0
143.681	5	1	6	453.878	0
143.721	5	1	6	1316.66	0
143.761	5	1	6	3280.93	0
143.801	5	1	6	6419.33	0
143.841	5	1	6	8848.99	0
143.881	5	1	6	8824.66	0
143.921	5	1	6	6549.81	0
143.961	5	1	6	4737.3	0
144.001	5	1	6	15952.7	0
144.041	5	1	6	11264.7	0
144.081	5	1	6	9255.01	0
144.121	5	1	6	4475.69	0
144.161	5	1	6	2455.83	0
144.201	5	1	6	4951.38	0
144.241	5	1	6	11383.2	0
144.281	5	1	6	19028.4	0
144.321	5	1	6	23875.7	0
144.361	5	1	6	14726.1	0
144.401	5	1	6	9329.02	0
144.441	5	1	6	6202.18	0
144.481	5	1	6	4974.74	0
144.521	5	1	6	972.56	0
144.561	5	1	6	915.973	0
144.601	5	1	6	951.804	0
144.641	5	1	6	1164.56	0
144.681	5	1	6	1447.18	0
144.721	5	1	6	1620.33	0
144.761	5	1	6	1713.01	0
144.801	5	1	6	1872.28	0
144.841	5	1	6	2261.34	0
144.881	5	1	6	3129.67	0
144.921	5	1	6	3986.56	0
144.961	5	1	6	3535.13	0
145.001	5	1	6	1428.28	0
145.041	5	1	6	2063.99	0
145.081	5	1	6	3108.44	0
145.121	5	1	6	4189.82	0
145.161	5	1	6	4972.24	0
145.201	5	1	6	3872.39	0
145.241	5	1	6	3236.75	0
145.281	5	1	6	3048.03	0
145.321	5	1	6	3344.1	0
145.361	5	1	6	4322.67	0
145.401	5	1	6	3458.81	0
145.441	5	1	6	2464.33	0
145.481	5	1	6	1553.44	0
145.521	5	1	6	11428.8	0
145.561	5	1	6	15977.5	0
145.601	5	1	6	10582.3	0
145.641	5	1	6	7159.08	0
145.681	5	1	6	5497.32	0
145.721	5	1	6	4731.85	0
145.761	5	1	6	4416.69	0
145.801	5	1	6	2491.45	0
145.841	5	1	6	1922.24	0
145.881	5	1	6	1260.97	0
145.921	5	1	6	704.603	0
145.961	5	1	6	525.699	0
146.001	5	1	6	2718.88	0
146.041	5	1	6	3778.92	0
146.081	5	1	6	4446.59	0
146.121	5	1	6	5535.78	0
146.161	5	1	6	6857.21	0
146.201	5	1	6	7593.16	0
146.241	5	1	6	6984.29	0
146.281	5	1	6	5014.95	0
146.321	5	1	6	2714.72	0
146.361	5	1	6	1674.8	0
146.401	5	1	6	2959.15	0
146.441	5	1	6	6247.32	0
146.481	5	1	6	9793.53	0
146.521	5	1	6	1039.19	0
146.561	5	1	6	921.991	0
146.601	5	1	6	799.654	0
146.641	5	1	6	575.602	0
146.681	5	1	6	456.111	0
146.721	5	1	6	493.429	0
146.761	5	1	6	669.317	0
146.801	5	1	6	874.09	0
146.841	5	1	6	1009.11	0
146.881	5	1	6	1136.05	0
146.921	5	1	6	1287.59	0
146.961	5	1	6	1364.64	0
147.001	5	1	6	1240.31	0
147.041	5	1	6	1615.98	0
147.081	5	1	6	2600.15	0
147.121	5	1	6	3438.97	0
147.161	5	1	6	3808.53	0
147.201	5	1	6	3393.76	0
147.241	5	1	6	2457.3	0
147.281	5	1	6	1428.68	0
147.321	5	1	6	1720.73	0
147.361	5	1	6	3474.84	0
147.401	5	1	6	6105.17	0
147.441	5	1	6	8843.38	0
147.481	5	1	6	10575.3	0
147.521	5	1	6	3915.18	0
147.561	5	1	6	4236.33	0
147.601	5	1	6	4193.12	0
147.641	5	1	6	3943.85	0
147.681	5	1	6	3385.35	0
147.721	5	1	6	2390.44	0
147.761	5	1	6	1735.81	0
147.801	5	1	6	1323.92	0
147.841	5	1	6	1052.45	0
147.881	5	1	6	890.751	0
147.921	5	1	6	845.689	0
147.961	5	1	6	918.103	0
148.001	5	1	6	3656.12	0
148.041	5	1	6	5711.32	0
148.081	5	1	6	7041.92	0
148.121	5	1	6	6995.92	0
148.161	5	1	6	5654.28	0
148.201	5	1	6	3237.93	0
148.241	5	1	6	1452.05	0
148.281	5	1	6	816.189	0
148.321	5	1	6	741.673	0
148.361	5	1	6	822.958	0
148.401	5	1	6	875.033	0
148.441	5	1	6	776.638	0
148.481	5	1	6	579.152	0
148.521	5	1	6	6080.46	0
148.561	5	1	6	7728.34	0
148.601	5	1	6	8087.75	0
148.641	5	1	6	7033.6	0
148.681	5	1	6	5060.31	0
148.721	5	1	6	3017.28	0
148.761	5	1	6	1698.63	0
148.801	5	1	6	1455.12	0
148.841	5	1	6	2033.08	0
148.881	5	1	6	2743.21	0
148.921	5	1	6	2869.57	0
148.961	5	1	6	2142.95	0
149.001	5	1	6	2416.54	0
149.041	5	1	6	2190.49	0
149.081	5	1	6	1368.82	0
149.121	5	1	6	816.291	0
149.161	5	1	6	483.326	0
149.201	5	1	6	486.019	0
149.241	5	1	6	1143.88	0
149.281	5	1	6	2154.17	0
149.321	5	1	6	3232.1	0
149.361	5	1	6	3557.86	0
149.401	5	1	6	2062.47	0
149.441	5	1	6	1217.38	0
149.481	5	1	6	708.013	0
149.521	5	1	6	6098.28	0
149.561	5	1	6	4969.81	0
149.601	5	1	6	4554.42	0
149.641	5	1	6	3515.31	0
149.681	5	1	6	2875.07	0
149.721	5	1	6	2251.44	0
149.761	5	1	6	1653.19	0
149.801	5	1	6	1573.21	0
149.841	5	1	6	3156.19	0
149.881	5	1	6	6316.47	0
149.921	5	1	6	9016.51	0
149.961	5	1	6	3643.86	0
150.001	5	1	6	790.407	0
150.041	5	1	6	2186.71	0
150.081	5	1	6	5178.61	0
150.121	5	1	6	7428.51	0
150.161	5	1	6	7005.95	0
150.201	5	1	6	4411.18	0
150.241	5	1	6	1990.93	0
150.281	5	1	6	1770.86	0
150.321	5	1	6	3670.81	0
150.361	5	1	6	5700.26	0
150.401	5	1	6	5888.16	0
150.441	5	1	6	4073.44	0
150.481	5	1	6	2038.78	0
150.521	5	1	6	3889.35	0
150.561	5	1	6	1738.01	0
150.601	5	1	6	546.509	0
150.641	5	1	6	175.517	0
150.681	5	1	6	297.931	0
150.721	5	1	6	625.684	0
150.761	5	1	6	796.239	0
150.801	5	1	6	725.679	0
150.841	5	1	6	644.507	0
150.881	5	1	6	619.594	0
150.921	5	1	6	689.983	0
150.961	5	1	6	1037.41	0
151.001	5	1	6	2189.64	0
151.041	5	1	6	809.182	0
151.081	5	1	6	142.694	0
151.121	5	1	6	184.431	0
151.161	5	1	6	589.617	0
151.201	5	1	6	954.223	0
151.241	5	1	6	1067.45	0
151.281	5	1	6	975.176	0
151.321	5	1	6	869.662	0
151.361	5	1	6	833.192	0
151.401	5	1	6	971.735	0
151.441	5	1	6	1423.47	0
151.481	5	1	6	1932.19	0
151.521	5	1	6	660.974	0
151.561	5	1	6	1617.89	0
151.601	5	1	6	2847.5	0
151.641	5	1	6	3825.02	0
151.681	5	1	6	4031.44	0
151.721	5	1	6	3311.93	0
151.761	5	1	6	2091.83	0
151.801	5	1	6	1198.92	0
151.841	5	1	6	1352.98	0
151.881	5	1	6	2715.54	0
151.921	5	1	6	4704.53	0
151.961	5	1	6	6295.07	0
152.001	5	1	6	4072.46	0
152.041	5	1	6	2826.7	0
152.081	5	1	6	1166.86	0
152.121	5	1	6	394.891	0
152.161	5	1	6	585.236	0
152.201	5	1	6	1347.73	0
152.241	5	1	6	2897.09	0
152.281	5	1	6	5475.88	0
152.321	5	1	6	5110.93	0
152.361	5	1	6	4021.32	0
152.401	5	1	6	3011.81	0
152.441	5	1	6	2627.31	0
152.481	5	1	6	2696.6	0
152.521	5	1	6	4916.96	0
152.561	5	1	6	4456.7	0
152.601	5	1	6	3277.8	0
152.641	5	1	6	2320.29	0
152.681	5	1	6	2786.84	0
152.721	5	1	6	5265.08	0
152.761	5	1	6	9027.24	0
152.801	5	1	6	12205	0
152.841	5	1	6	12892.3	0
152.881	5	1	6	10455.8	0
152.921	5	1	6	6101.52	0
152.961	5	1	6	2273.06	0
153.001	5	1	6	12057.4	0
153.041	5	1	6	13108.6	0
153.081	5	1	6	13680.2	0
153.121	5	1	6	13824.7	0
153.161	5	1	6	13319.9	0
153.201	5	1	6	11929.1	0
153.241	5	1	6	9709.49	0
153.281	5	1	6	7004.42	0
153.321	5	1	6	4383.54	0
153.361	5	1	6	2356.11	0
153.401	5	1	6	1144.03	0
153.441	5	1	6	676.506	0
153.481	5	1	6	726.198	0
153.521	5	1	6	373.386	0
153.561	5	1	6	1755.4	0
153.601	5	1	6	5597.3	0
153.641	5	1	6	10591.1	0
153.681	5	1	6	14333.3	0
153.721	5	1	6	14802.8	0
153.761	5	1	6	11715.3	0
153.801	5	1	6	6877.21	0
153.841	5	1	6	3078.71	0
153.881	5	1	6	2298.49	0
153.921	5	1	6	4515.18	0
153.961	5	1	6	7877.69	0
154.001	5	1	6	1210.59	0
154.041	5	1	6	1142.43	0
154.081	5	1	6	2647.7	0
154.121	5	1	6	3097.84	0
154.161	5	1	6	2290.25	0
154.201	5	1	6	1315.58	0
154.241	5	1	6	1523.39	0
154.281	4	1	12	941.903	0
154.321	4	1	12	782.415	0
154.361	4	1	12	981.858	0
154.401	4	1	12	1091.44	0
154.441	4	1	12	854.428	0
154.481	4	1	12	488.461	0
154.521	4	1	12	186.28	0
154.561	4	1	12	898.885	0
154.601	4	1	12	2219.02	0
154.641	4	1	12	3597.02	0
154.681	4	1	12	4327.61	0
154.721	5	1	7	2646.53	0
154.761	5	1	7	2214.87	0
154.801	5	1	7	1673.82	0
154.841	5	1	7	1116.11	0
154.881	5	1	7	678.021	0
154.921	5	1	7	467.53	0
154.961	5	1	7	486.167	0
155.001	5	1	7	3562.5	0
155.041	5	1	7	5656.49	0
155.081	5	1	7	7232.59	0
155.121	5	1	7	7338.95	0
155.161	5	1	7	5852.24	0
155.201	5	1	7	3564.66	0
155.241	5	1	7	1597.34	0
155.281	5	1	7	635.815	0
155.321	5	1	7	554.866	0
155.361	5	1	7	740.149	0
155.401	5	1	7	784.659	0
155.441	5	1	7	987.095	0
155.481	5	1	7	2167.09	0
155.521	5	1	7	3007.9	0
155.561	5	1	7	8519.1	0
155.601	5	1	7	16072.1	0
155.641	5	1	7	21437.1	0
155.681	5	1	7	20990.3	0
155.721	5	1	7	14612.5	0
155.761	5	1	7	6193.11	0
155.801	5	1	7	1159.37	0
155.841	5	1	7	2648.16	0
155.881	5	1	7	9267.61	0
155.921	5	1	7	16161.1	0
155.961	5	1	7	18523.8	0
156.001	5	1	7	299.921	0
156.041	5	1	7	98.1043	0
156.081	5	1	7	472.694	0
156.121	5	1	7	956.417	0
156.161	5	1	7	1119.95	0
156.201	5	1	7	926.563	0
156.241	5	1	7	760.194	0
156.281	5	1	7	1111.65	0
156.321	5	1	7	2135.69	0
156.361	5	1	7	3465.61	0
156.401	5	1	7	4388.93	0
156.441	5	1	7	4373.25	0
156.481	5	1	7	3468.99	0
156.521	5	1	7	2304.55	0
156.561	5	1	7	2912.35	0
156.601	5	1	7	2522.17	0
156.641	5	1	7	1417.09	0
156.681	5	1	7	433.143	0
156.721	5	1	7	414.488	0
156.761	5	1	7	1690.7	0
156.801	5	1	7	3926.19	0
156.841	5	1	7	6395.61	0
156.881	5	1	7	8453.51	0
156.921	5	1	7	9851.96	0
156.961	5	1	7	10685.2	0
157.001	5	1	7	1653.72	0
157.041	4	1	13	327.434	0
157.081	4	1	13	577.545	0
157.121	4	1	13	825.081	0
157.161	4	1	13	936.013	0
157.201	4	1	13	829.545	0
157.241	4	1	13	542.32	0
157.281	4	1	13	221.325	0
157.321	4	1	13	42.5554	0
157.361	4	1	13	98.8405	0
157.401	4	1	13	351.724	0
157.441	4	1	13	683.006	0
157.481	4	1	13	997.012	0
157.521	5	1	8	153.17	0
157.561	5	1	8	721.272	0
157.601	5	1	8	2036.25	0
157.641	5	1	8	3193.75	0
157.681	5	1	8	1737.4	0
157.721	5	1	8	1029.66	0
157.761	5	1	8	595.494	0
157.801	5	1	8	326.149	0
157.841	5	1	8	316.277	0
157.881	5	1	8	1383.53	0
157.921	5	1	8	3515.21	0
157.961	5	1	8	4957.71	0
158.001	5	1	8	3049.27	0
158.041	5	1	8	1667.4	0
158.081	5	1	8	1812.78	0
158.121	5	1	8	3124.18	0
158.161	5	1	8	4360.97	0
158.201	5	1	8	4495.49	0
158.241	5	1	8	3611.66	0
158.281	5	1	8	2813.46	0
158.321	5	1	8	3241.43	0
158.361	5	1	8	5043.88	0
158.401	5	1	8	7135.42	0
158.441	5	1	8	7957.02	0
158.481	5	1	8	6699.76	0
158.521	5	1	8	437.697	0
158.561	5	1	8	572.908	0
158.601	5	1	8	471.825	0
158.641	5	1	8	548.913	0
158.681	5	1	8	904.415	0
158.721	5	1	8	1942.74	0
158.761	5	1	8	3741.31	0
158.801	5	1	8	4344.19	0
158.841	5	1	8	4216.56	0
158.881	5	1	8	3323.19	0
158.921	5	1	8	1549.75	0
158.961	5	1	8	662.946	0
159.001	5	1	8	5036.32	0
159.041	5	1	8	3976.54	0
159.081	5	1	8	5224.67	0
159.121	5	1	8	2808.31	0
159.161	5	1	8	1145.72	0
159.201	5	1	8	578.236	0
159.241	5	1	8	555.643	0
159.281	5	1	8	726.839	0
159.321	5	1	8	917.323	0
159.361	5	1	8	1147.24	0
159.401	5	1	8	1517.46	0
159.441	5	1	8	1690.89	0
159.481	5	1	8	1835.09	0
159.521	5	1	8	1262.75	0
159.561	5	1	8	1592.31	0
159.601	5	1	8	1910.04	0
159.641	5	1	8	1666.15	0
159.681	5	1	8	1186.92	0
159.721	5	1	8	839.531	0
159.761	5	1	8	1008.28	0
159.801	5	1	8	1865.7	0
159.841	5	1	8	2907.74	0
159.881	5	1	8	3409.9	0
159.921	5	1	8	4187.57	0
159.961	5	1	8	5277.14	0
